time,current
0.000000e+00, 0.000000e+00
1.200000e+00, 0.000000e+00
2.400000e+00, 5.000000e+00
3.600000e+00, 5.000000e+00
4.800000e+00, 5.000000e+00
6.000000e+00, 5.000000e+00
7.200000e+00, 5.000000e+00
8.400000e+00, 5.000000e+00
9.600000e+00, 5.000000e+00
1.080000e+01, 5.000000e+00
1.200000e+01, 5.000000e+00
1.320000e+01, 5.000000e+00
1.440000e+01, 5.000000e+00
1.560000e+01, 5.000000e+00
1.680000e+01, 5.000000e+00
1.800000e+01, 5.000000e+00
1.920000e+01, 5.000000e+00
2.040000e+01, 5.000000e+00
2.160000e+01, 5.000000e+00
2.280000e+01, 5.000000e+00
2.400000e+01, 5.000000e+00
2.520000e+01, 5.000000e+00
2.640000e+01, 5.000000e+00
2.760000e+01, 5.000000e+00
2.880000e+01, 5.000000e+00
3.000000e+01, 5.000000e+00
3.120000e+01, 5.000000e+00
3.240000e+01, 5.000000e+00
3.360000e+01, 5.000000e+00
3.480000e+01, 5.000000e+00
3.600000e+01, 5.000000e+00
3.720000e+01, 5.000000e+00
3.840000e+01, 5.000000e+00
3.960000e+01, 5.000000e+00
4.080000e+01, 5.000000e+00
4.200000e+01, 5.000000e+00
4.320000e+01, 5.000000e+00
4.440000e+01, 5.000000e+00
4.560000e+01, 5.000000e+00
4.680000e+01, 5.000000e+00
4.800000e+01, 5.000000e+00
4.920000e+01, 5.000000e+00
5.040000e+01, 5.000000e+00
5.160000e+01, 5.000000e+00
5.280000e+01, 5.000000e+00
5.400000e+01, 5.000000e+00
5.520000e+01, 5.000000e+00
5.640000e+01, 5.000000e+00
5.760000e+01, 5.000000e+00
5.880000e+01, 5.000000e+00
6.000000e+01, 5.000000e+00
6.120000e+01, 5.000000e+00
6.240000e+01, 5.000000e+00
6.360000e+01, 5.000000e+00
6.480000e+01, 5.000000e+00
6.600000e+01, 5.000000e+00
6.720000e+01, 5.000000e+00
6.840000e+01, 5.000000e+00
6.960000e+01, 5.000000e+00
7.080000e+01, 5.000000e+00
7.200000e+01, 5.000000e+00
7.320000e+01, 5.000000e+00
7.440000e+01, 5.000000e+00
7.560000e+01, 5.000000e+00
7.680000e+01, 5.000000e+00
7.800000e+01, 5.000000e+00
7.920000e+01, 5.000000e+00
8.040000e+01, 5.000000e+00
8.160000e+01, 5.000000e+00
8.280000e+01, 5.000000e+00
8.400000e+01, 5.000000e+00
8.520000e+01, 5.000000e+00
8.640000e+01, 5.000000e+00
8.760000e+01, 5.000000e+00
8.880000e+01, 5.000000e+00
9.000000e+01, 5.000000e+00
9.120000e+01, 5.000000e+00
9.240000e+01, 5.000000e+00
9.360000e+01, 5.000000e+00
9.480000e+01, 5.000000e+00
9.600000e+01, 5.000000e+00
9.720000e+01, 5.000000e+00
9.840000e+01, 5.000000e+00
9.960000e+01, 5.000000e+00
1.008000e+02, 5.000000e+00
1.020000e+02, 5.000000e+00
1.032000e+02, 5.000000e+00
1.044000e+02, 5.000000e+00
1.056000e+02, 5.000000e+00
1.068000e+02, 5.000000e+00
1.080000e+02, 5.000000e+00
1.092000e+02, 5.000000e+00
1.104000e+02, 5.000000e+00
1.116000e+02, 5.000000e+00
1.128000e+02, 5.000000e+00
1.140000e+02, 5.000000e+00
1.152000e+02, 5.000000e+00
1.164000e+02, 5.000000e+00
1.176000e+02, 5.000000e+00
1.188000e+02, 5.000000e+00
1.200000e+02, 5.000000e+00
1.212000e+02, 5.000000e+00
1.224000e+02, 5.000000e+00
1.236000e+02, 5.000000e+00
1.248000e+02, 5.000000e+00
1.260000e+02, 5.000000e+00
1.272000e+02, 5.000000e+00
1.284000e+02, 5.000000e+00
1.296000e+02, 5.000000e+00
1.308000e+02, 5.000000e+00
1.320000e+02, 5.000000e+00
1.332000e+02, 5.000000e+00
1.344000e+02, 5.000000e+00
1.356000e+02, 5.000000e+00
1.368000e+02, 5.000000e+00
1.380000e+02, 5.000000e+00
1.392000e+02, 5.000000e+00
1.404000e+02, 5.000000e+00
1.416000e+02, 5.000000e+00
1.428000e+02, 5.000000e+00
1.440000e+02, 5.000000e+00
1.452000e+02, 5.000000e+00
1.464000e+02, 5.000000e+00
1.476000e+02, 5.000000e+00
1.488000e+02, 5.000000e+00
1.500000e+02, 5.000000e+00
1.512000e+02, 5.000000e+00
1.524000e+02, 5.000000e+00
1.536000e+02, 5.000000e+00
1.548000e+02, 5.000000e+00
1.560000e+02, 5.000000e+00
1.572000e+02, 5.000000e+00
1.584000e+02, 5.000000e+00
1.596000e+02, 5.000000e+00
1.608000e+02, 5.000000e+00
1.620000e+02, 5.000000e+00
1.632000e+02, 5.000000e+00
1.644000e+02, 5.000000e+00
1.656000e+02, 5.000000e+00
1.668000e+02, 5.000000e+00
1.680000e+02, 5.000000e+00
1.692000e+02, 5.000000e+00
1.704000e+02, 5.000000e+00
1.716000e+02, 5.000000e+00
1.728000e+02, 5.000000e+00
1.740000e+02, 5.000000e+00
1.752000e+02, 5.000000e+00
1.764000e+02, 5.000000e+00
1.776000e+02, 5.000000e+00
1.788000e+02, 5.000000e+00
1.800000e+02, 5.000000e+00
1.812000e+02, 5.000000e+00
1.824000e+02, 5.000000e+00
1.836000e+02, 5.000000e+00
1.848000e+02, 5.000000e+00
1.860000e+02, 5.000000e+00
1.872000e+02, 5.000000e+00
1.884000e+02, 5.000000e+00
1.896000e+02, 5.000000e+00
1.908000e+02, 5.000000e+00
1.920000e+02, 5.000000e+00
1.932000e+02, 5.000000e+00
1.944000e+02, 5.000000e+00
1.956000e+02, 5.000000e+00
1.968000e+02, 5.000000e+00
1.980000e+02, 5.000000e+00
1.992000e+02, 5.000000e+00
2.004000e+02, 5.000000e+00
2.016000e+02, 5.000000e+00
2.028000e+02, 5.000000e+00
2.040000e+02, 5.000000e+00
2.052000e+02, 5.000000e+00
2.064000e+02, 5.000000e+00
2.076000e+02, 5.000000e+00
2.088000e+02, 5.000000e+00
2.100000e+02, 5.000000e+00
2.112000e+02, 5.000000e+00
2.124000e+02, 5.000000e+00
2.136000e+02, 5.000000e+00
2.148000e+02, 5.000000e+00
2.160000e+02, 5.000000e+00
2.172000e+02, 5.000000e+00
2.184000e+02, 5.000000e+00
2.196000e+02, 5.000000e+00
2.208000e+02, 5.000000e+00
2.220000e+02, 5.000000e+00
2.232000e+02, 5.000000e+00
2.244000e+02, 5.000000e+00
2.256000e+02, 5.000000e+00
2.268000e+02, 5.000000e+00
2.280000e+02, 5.000000e+00
2.292000e+02, 5.000000e+00
2.304000e+02, 5.000000e+00
2.316000e+02, 5.000000e+00
2.328000e+02, 5.000000e+00
2.340000e+02, 5.000000e+00
2.352000e+02, 5.000000e+00
2.364000e+02, 5.000000e+00
2.376000e+02, 5.000000e+00
2.388000e+02, 5.000000e+00
2.400000e+02, 5.000000e+00
2.412000e+02, 5.000000e+00
2.424000e+02, 5.000000e+00
2.436000e+02, 5.000000e+00
2.448000e+02, 5.000000e+00
2.460000e+02, 5.000000e+00
2.472000e+02, 5.000000e+00
2.484000e+02, 5.000000e+00
2.496000e+02, 5.000000e+00
2.508000e+02, 5.000000e+00
2.520000e+02, 5.000000e+00
2.532000e+02, 5.000000e+00
2.544000e+02, 5.000000e+00
2.556000e+02, 5.000000e+00
2.568000e+02, 5.000000e+00
2.580000e+02, 5.000000e+00
2.592000e+02, 5.000000e+00
2.604000e+02, 5.000000e+00
2.616000e+02, 5.000000e+00
2.628000e+02, 5.000000e+00
2.640000e+02, 5.000000e+00
2.652000e+02, 5.000000e+00
2.664000e+02, 5.000000e+00
2.676000e+02, 5.000000e+00
2.688000e+02, 5.000000e+00
2.700000e+02, 5.000000e+00
2.712000e+02, 5.000000e+00
2.724000e+02, 5.000000e+00
2.736000e+02, 5.000000e+00
2.748000e+02, 5.000000e+00
2.760000e+02, 5.000000e+00
2.772000e+02, 5.000000e+00
2.784000e+02, 5.000000e+00
2.796000e+02, 5.000000e+00
2.808000e+02, 5.000000e+00
2.820000e+02, 5.000000e+00
2.832000e+02, 5.000000e+00
2.844000e+02, 5.000000e+00
2.856000e+02, 5.000000e+00
2.868000e+02, 5.000000e+00
2.880000e+02, 5.000000e+00
2.892000e+02, 5.000000e+00
2.904000e+02, 5.000000e+00
2.916000e+02, 5.000000e+00
2.928000e+02, 5.000000e+00
2.940000e+02, 5.000000e+00
2.952000e+02, 5.000000e+00
2.964000e+02, 5.000000e+00
2.976000e+02, 5.000000e+00
2.988000e+02, 5.000000e+00
3.000000e+02, 5.000000e+00
3.012000e+02, 5.000000e+00
3.024000e+02, 5.000000e+00
3.036000e+02, 5.000000e+00
3.048000e+02, 5.000000e+00
3.060000e+02, 5.000000e+00
3.072000e+02, 5.000000e+00
3.084000e+02, 5.000000e+00
3.096000e+02, 5.000000e+00
3.108000e+02, 5.000000e+00
3.120000e+02, 5.000000e+00
3.132000e+02, 5.000000e+00
3.144000e+02, 5.000000e+00
3.156000e+02, 5.000000e+00
3.168000e+02, 5.000000e+00
3.180000e+02, 5.000000e+00
3.192000e+02, 5.000000e+00
3.204000e+02, 5.000000e+00
3.216000e+02, 5.000000e+00
3.228000e+02, 5.000000e+00
3.240000e+02, 5.000000e+00
3.252000e+02, 5.000000e+00
3.264000e+02, 5.000000e+00
3.276000e+02, 5.000000e+00
3.288000e+02, 5.000000e+00
3.300000e+02, 5.000000e+00
3.312000e+02, 5.000000e+00
3.324000e+02, 5.000000e+00
3.336000e+02, 5.000000e+00
3.348000e+02, 5.000000e+00
3.360000e+02, 5.000000e+00
3.372000e+02, 5.000000e+00
3.384000e+02, 5.000000e+00
3.396000e+02, 5.000000e+00
3.408000e+02, 5.000000e+00
3.420000e+02, 5.000000e+00
3.432000e+02, 5.000000e+00
3.444000e+02, 5.000000e+00
3.456000e+02, 5.000000e+00
3.468000e+02, 5.000000e+00
3.480000e+02, 5.000000e+00
3.492000e+02, 5.000000e+00
3.504000e+02, 5.000000e+00
3.516000e+02, 5.000000e+00
3.528000e+02, 5.000000e+00
3.540000e+02, 5.000000e+00
3.552000e+02, 5.000000e+00
3.564000e+02, 5.000000e+00
3.576000e+02, 5.000000e+00
3.588000e+02, 5.000000e+00
3.600000e+02, 5.000000e+00
3.612000e+02, 5.000000e+00
3.624000e+02, 5.000000e+00
3.636000e+02, 5.000000e+00
3.648000e+02, 5.000000e+00
3.660000e+02, 5.000000e+00
3.672000e+02, 5.000000e+00
3.684000e+02, 5.000000e+00
3.696000e+02, 5.000000e+00
3.708000e+02, 5.000000e+00
3.720000e+02, 5.000000e+00
3.732000e+02, 5.000000e+00
3.744000e+02, 5.000000e+00
3.756000e+02, 5.000000e+00
3.768000e+02, 5.000000e+00
3.780000e+02, 5.000000e+00
3.792000e+02, 5.000000e+00
3.804000e+02, 5.000000e+00
3.816000e+02, 5.000000e+00
3.828000e+02, 5.000000e+00
3.840000e+02, 5.000000e+00
3.852000e+02, 5.000000e+00
3.864000e+02, 5.000000e+00
3.876000e+02, 5.000000e+00
3.888000e+02, 5.000000e+00
3.900000e+02, 5.000000e+00
3.912000e+02, 5.000000e+00
3.924000e+02, 5.000000e+00
3.936000e+02, 5.000000e+00
3.948000e+02, 5.000000e+00
3.960000e+02, 5.000000e+00
3.972000e+02, 5.000000e+00
3.984000e+02, 5.000000e+00
3.996000e+02, 5.000000e+00
4.008000e+02, 5.000000e+00
4.020000e+02, 5.000000e+00
4.032000e+02, 5.000000e+00
4.044000e+02, 5.000000e+00
4.056000e+02, 5.000000e+00
4.068000e+02, 5.000000e+00
4.080000e+02, 5.000000e+00
4.092000e+02, 5.000000e+00
4.104000e+02, 5.000000e+00
4.116000e+02, 5.000000e+00
4.128000e+02, 5.000000e+00
4.140000e+02, 5.000000e+00
4.152000e+02, 5.000000e+00
4.164000e+02, 5.000000e+00
4.176000e+02, 5.000000e+00
4.188000e+02, 5.000000e+00
4.200000e+02, 5.000000e+00
4.212000e+02, 5.000000e+00
4.224000e+02, 5.000000e+00
4.236000e+02, 5.000000e+00
4.248000e+02, 5.000000e+00
4.260000e+02, 5.000000e+00
4.272000e+02, 5.000000e+00
4.284000e+02, 5.000000e+00
4.296000e+02, 5.000000e+00
4.308000e+02, 5.000000e+00
4.320000e+02, 5.000000e+00
4.332000e+02, 5.000000e+00
4.344000e+02, 5.000000e+00
4.356000e+02, 5.000000e+00
4.368000e+02, 5.000000e+00
4.380000e+02, 5.000000e+00
4.392000e+02, 5.000000e+00
4.404000e+02, 5.000000e+00
4.416000e+02, 5.000000e+00
4.428000e+02, 5.000000e+00
4.440000e+02, 5.000000e+00
4.452000e+02, 5.000000e+00
4.464000e+02, 5.000000e+00
4.476000e+02, 5.000000e+00
4.488000e+02, 5.000000e+00
4.500000e+02, 5.000000e+00
4.512000e+02, 5.000000e+00
4.524000e+02, 5.000000e+00
4.536000e+02, 5.000000e+00
4.548000e+02, 5.000000e+00
4.560000e+02, 5.000000e+00
4.572000e+02, 5.000000e+00
4.584000e+02, 5.000000e+00
4.596000e+02, 5.000000e+00
4.608000e+02, 5.000000e+00
4.620000e+02, 5.000000e+00
4.632000e+02, 5.000000e+00
4.644000e+02, 5.000000e+00
4.656000e+02, 5.000000e+00
4.668000e+02, 5.000000e+00
4.680000e+02, 5.000000e+00
4.692000e+02, 5.000000e+00
4.704000e+02, 5.000000e+00
4.716000e+02, 5.000000e+00
4.728000e+02, 5.000000e+00
4.740000e+02, 5.000000e+00
4.752000e+02, 5.000000e+00
4.764000e+02, 5.000000e+00
4.776000e+02, 5.000000e+00
4.788000e+02, 5.000000e+00
4.800000e+02, 5.000000e+00
4.812000e+02, 5.000000e+00
4.824000e+02, 5.000000e+00
4.836000e+02, 5.000000e+00
4.848000e+02, 5.000000e+00
4.860000e+02, 5.000000e+00
4.872000e+02, 5.000000e+00
4.884000e+02, 5.000000e+00
4.896000e+02, 5.000000e+00
4.908000e+02, 5.000000e+00
4.920000e+02, 5.000000e+00
4.932000e+02, 5.000000e+00
4.944000e+02, 5.000000e+00
4.956000e+02, 5.000000e+00
4.968000e+02, 5.000000e+00
4.980000e+02, 5.000000e+00
4.992000e+02, 5.000000e+00
5.004000e+02, 5.000000e+00
5.016000e+02, 5.000000e+00
5.028000e+02, 5.000000e+00
5.040000e+02, 5.000000e+00
5.052000e+02, 5.000000e+00
5.064000e+02, 5.000000e+00
5.076000e+02, 5.000000e+00
5.088000e+02, 5.000000e+00
5.100000e+02, 5.000000e+00
5.112000e+02, 5.000000e+00
5.124000e+02, 5.000000e+00
5.136000e+02, 5.000000e+00
5.148000e+02, 5.000000e+00
5.160000e+02, 5.000000e+00
5.172000e+02, 5.000000e+00
5.184000e+02, 5.000000e+00
5.196000e+02, 5.000000e+00
5.208000e+02, 5.000000e+00
5.220000e+02, 5.000000e+00
5.232000e+02, 5.000000e+00
5.244000e+02, 5.000000e+00
5.256000e+02, 5.000000e+00
5.268000e+02, 5.000000e+00
5.280000e+02, 5.000000e+00
5.292000e+02, 5.000000e+00
5.304000e+02, 5.000000e+00
5.316000e+02, 5.000000e+00
5.328000e+02, 5.000000e+00
5.340000e+02, 5.000000e+00
5.352000e+02, 5.000000e+00
5.364000e+02, 5.000000e+00
5.376000e+02, 5.000000e+00
5.388000e+02, 5.000000e+00
5.400000e+02, 5.000000e+00
5.412000e+02, 5.000000e+00
5.424000e+02, 5.000000e+00
5.436000e+02, 5.000000e+00
5.448000e+02, 5.000000e+00
5.460000e+02, 5.000000e+00
5.472000e+02, 5.000000e+00
5.484000e+02, 5.000000e+00
5.496000e+02, 5.000000e+00
5.508000e+02, 5.000000e+00
5.520000e+02, 5.000000e+00
5.532000e+02, 5.000000e+00
5.544000e+02, 5.000000e+00
5.556000e+02, 5.000000e+00
5.568000e+02, 5.000000e+00
5.580000e+02, 5.000000e+00
5.592000e+02, 5.000000e+00
5.604000e+02, 5.000000e+00
5.616000e+02, 5.000000e+00
5.628000e+02, 5.000000e+00
5.640000e+02, 5.000000e+00
5.652000e+02, 5.000000e+00
5.664000e+02, 5.000000e+00
5.676000e+02, 5.000000e+00
5.688000e+02, 5.000000e+00
5.700000e+02, 5.000000e+00
5.712000e+02, 5.000000e+00
5.724000e+02, 5.000000e+00
5.736000e+02, 5.000000e+00
5.748000e+02, 5.000000e+00
5.760000e+02, 5.000000e+00
5.772000e+02, 5.000000e+00
5.784000e+02, 5.000000e+00
5.796000e+02, 5.000000e+00
5.808000e+02, 5.000000e+00
5.820000e+02, 5.000000e+00
5.832000e+02, 5.000000e+00
5.844000e+02, 5.000000e+00
5.856000e+02, 5.000000e+00
5.868000e+02, 5.000000e+00
5.880000e+02, 5.000000e+00
5.892000e+02, 5.000000e+00
5.904000e+02, 5.000000e+00
5.916000e+02, 5.000000e+00
5.928000e+02, 5.000000e+00
5.940000e+02, 5.000000e+00
5.952000e+02, 5.000000e+00
5.964000e+02, 5.000000e+00
5.976000e+02, 5.000000e+00
5.988000e+02, 5.000000e+00
6.000000e+02, 5.000000e+00
6.012000e+02, 5.000000e+00
6.024000e+02, 5.000000e+00
6.036000e+02, 5.000000e+00
6.048000e+02, 5.000000e+00
6.060000e+02, 5.000000e+00
6.072000e+02, 5.000000e+00
6.084000e+02, 5.000000e+00
6.096000e+02, 5.000000e+00
6.108000e+02, 5.000000e+00
6.120000e+02, 5.000000e+00
6.132000e+02, 5.000000e+00
6.144000e+02, 5.000000e+00
6.156000e+02, 5.000000e+00
6.168000e+02, 5.000000e+00
6.180000e+02, 5.000000e+00
6.192000e+02, 5.000000e+00
6.204000e+02, 5.000000e+00
6.216000e+02, 5.000000e+00
6.228000e+02, 5.000000e+00
6.240000e+02, 5.000000e+00
6.252000e+02, 5.000000e+00
6.264000e+02, 5.000000e+00
6.276000e+02, 5.000000e+00
6.288000e+02, 5.000000e+00
6.300000e+02, 5.000000e+00
6.312000e+02, 5.000000e+00
6.324000e+02, 5.000000e+00
6.336000e+02, 5.000000e+00
6.348000e+02, 5.000000e+00
6.360000e+02, 5.000000e+00
6.372000e+02, 5.000000e+00
6.384000e+02, 5.000000e+00
6.396000e+02, 5.000000e+00
6.408000e+02, 5.000000e+00
6.420000e+02, 5.000000e+00
6.432000e+02, 5.000000e+00
6.444000e+02, 5.000000e+00
6.456000e+02, 5.000000e+00
6.468000e+02, 5.000000e+00
6.480000e+02, 5.000000e+00
6.492000e+02, 5.000000e+00
6.504000e+02, 5.000000e+00
6.516000e+02, 5.000000e+00
6.528000e+02, 5.000000e+00
6.540000e+02, 5.000000e+00
6.552000e+02, 5.000000e+00
6.564000e+02, 5.000000e+00
6.576000e+02, 5.000000e+00
6.588000e+02, 5.000000e+00
6.600000e+02, 5.000000e+00
6.612000e+02, 5.000000e+00
6.624000e+02, 5.000000e+00
6.636000e+02, 5.000000e+00
6.648000e+02, 5.000000e+00
6.660000e+02, 5.000000e+00
6.672000e+02, 5.000000e+00
6.684000e+02, 5.000000e+00
6.696000e+02, 5.000000e+00
6.708000e+02, 5.000000e+00
6.720000e+02, 5.000000e+00
6.732000e+02, 5.000000e+00
6.744000e+02, 5.000000e+00
6.756000e+02, 5.000000e+00
6.768000e+02, 5.000000e+00
6.780000e+02, 5.000000e+00
6.792000e+02, 5.000000e+00
6.804000e+02, 5.000000e+00
6.816000e+02, 5.000000e+00
6.828000e+02, 5.000000e+00
6.840000e+02, 5.000000e+00
6.852000e+02, 5.000000e+00
6.864000e+02, 5.000000e+00
6.876000e+02, 5.000000e+00
6.888000e+02, 5.000000e+00
6.900000e+02, 5.000000e+00
6.912000e+02, 5.000000e+00
6.924000e+02, 5.000000e+00
6.936000e+02, 5.000000e+00
6.948000e+02, 5.000000e+00
6.960000e+02, 5.000000e+00
6.972000e+02, 5.000000e+00
6.984000e+02, 5.000000e+00
6.996000e+02, 5.000000e+00
7.008000e+02, 5.000000e+00
7.020000e+02, 5.000000e+00
7.032000e+02, 5.000000e+00
7.044000e+02, 5.000000e+00
7.056000e+02, 5.000000e+00
7.068000e+02, 5.000000e+00
7.080000e+02, 5.000000e+00
7.092000e+02, 5.000000e+00
7.104000e+02, 5.000000e+00
7.116000e+02, 5.000000e+00
7.128000e+02, 5.000000e+00
7.140000e+02, 5.000000e+00
7.152000e+02, 5.000000e+00
7.164000e+02, 5.000000e+00
7.176000e+02, 5.000000e+00
7.188000e+02, 5.000000e+00
7.200000e+02, 5.000000e+00
7.212000e+02, 5.000000e+00
7.224000e+02, 5.000000e+00
7.236000e+02, 5.000000e+00
7.248000e+02, 5.000000e+00
7.260000e+02, 5.000000e+00
7.272000e+02, 5.000000e+00
7.284000e+02, 5.000000e+00
7.296000e+02, 5.000000e+00
7.308000e+02, 5.000000e+00
7.320000e+02, 5.000000e+00
7.332000e+02, 5.000000e+00
7.344000e+02, 5.000000e+00
7.356000e+02, 5.000000e+00
7.368000e+02, 5.000000e+00
7.380000e+02, 5.000000e+00
7.392000e+02, 5.000000e+00
7.404000e+02, 5.000000e+00
7.416000e+02, 5.000000e+00
7.428000e+02, 5.000000e+00
7.440000e+02, 5.000000e+00
7.452000e+02, 5.000000e+00
7.464000e+02, 5.000000e+00
7.476000e+02, 5.000000e+00
7.488000e+02, 5.000000e+00
7.500000e+02, 5.000000e+00
7.512000e+02, 5.000000e+00
7.524000e+02, 5.000000e+00
7.536000e+02, 5.000000e+00
7.548000e+02, 5.000000e+00
7.560000e+02, 5.000000e+00
7.572000e+02, 5.000000e+00
7.584000e+02, 5.000000e+00
7.596000e+02, 5.000000e+00
7.608000e+02, 5.000000e+00
7.620000e+02, 5.000000e+00
7.632000e+02, 5.000000e+00
7.644000e+02, 5.000000e+00
7.656000e+02, 5.000000e+00
7.668000e+02, 5.000000e+00
7.680000e+02, 5.000000e+00
7.692000e+02, 5.000000e+00
7.704000e+02, 5.000000e+00
7.716000e+02, 5.000000e+00
7.728000e+02, 5.000000e+00
7.740000e+02, 5.000000e+00
7.752000e+02, 5.000000e+00
7.764000e+02, 5.000000e+00
7.776000e+02, 5.000000e+00
7.788000e+02, 5.000000e+00
7.800000e+02, 5.000000e+00
7.812000e+02, 5.000000e+00
7.824000e+02, 5.000000e+00
7.836000e+02, 5.000000e+00
7.848000e+02, 5.000000e+00
7.860000e+02, 5.000000e+00
7.872000e+02, 5.000000e+00
7.884000e+02, 5.000000e+00
7.896000e+02, 5.000000e+00
7.908000e+02, 5.000000e+00
7.920000e+02, 5.000000e+00
7.932000e+02, 5.000000e+00
7.944000e+02, 5.000000e+00
7.956000e+02, 5.000000e+00
7.968000e+02, 5.000000e+00
7.980000e+02, 5.000000e+00
7.992000e+02, 5.000000e+00
8.004000e+02, 5.000000e+00
8.016000e+02, 5.000000e+00
8.028000e+02, 5.000000e+00
8.040000e+02, 5.000000e+00
8.052000e+02, 5.000000e+00
8.064000e+02, 5.000000e+00
8.076000e+02, 5.000000e+00
8.088000e+02, 5.000000e+00
8.100000e+02, 5.000000e+00
8.112000e+02, 5.000000e+00
8.124000e+02, 5.000000e+00
8.136000e+02, 5.000000e+00
8.148000e+02, 5.000000e+00
8.160000e+02, 5.000000e+00
8.172000e+02, 5.000000e+00
8.184000e+02, 5.000000e+00
8.196000e+02, 5.000000e+00
8.208000e+02, 5.000000e+00
8.220000e+02, 5.000000e+00
8.232000e+02, 5.000000e+00
8.244000e+02, 5.000000e+00
8.256000e+02, 5.000000e+00
8.268000e+02, 5.000000e+00
8.280000e+02, 5.000000e+00
8.292000e+02, 5.000000e+00
8.304000e+02, 5.000000e+00
8.316000e+02, 5.000000e+00
8.328000e+02, 5.000000e+00
8.340000e+02, 5.000000e+00
8.352000e+02, 5.000000e+00
8.364000e+02, 5.000000e+00
8.376000e+02, 5.000000e+00
8.388000e+02, 5.000000e+00
8.400000e+02, 5.000000e+00
8.412000e+02, 5.000000e+00
8.424000e+02, 5.000000e+00
8.436000e+02, 5.000000e+00
8.448000e+02, 5.000000e+00
8.460000e+02, 5.000000e+00
8.472000e+02, 5.000000e+00
8.484000e+02, 5.000000e+00
8.496000e+02, 5.000000e+00
8.508000e+02, 5.000000e+00
8.520000e+02, 5.000000e+00
8.532000e+02, 5.000000e+00
8.544000e+02, 5.000000e+00
8.556000e+02, 5.000000e+00
8.568000e+02, 5.000000e+00
8.580000e+02, 5.000000e+00
8.592000e+02, 5.000000e+00
8.604000e+02, 5.000000e+00
8.616000e+02, 5.000000e+00
8.628000e+02, 5.000000e+00
8.640000e+02, 5.000000e+00
8.652000e+02, 5.000000e+00
8.664000e+02, 5.000000e+00
8.676000e+02, 5.000000e+00
8.688000e+02, 5.000000e+00
8.700000e+02, 5.000000e+00
8.712000e+02, 5.000000e+00
8.724000e+02, 5.000000e+00
8.736000e+02, 5.000000e+00
8.748000e+02, 5.000000e+00
8.760000e+02, 5.000000e+00
8.772000e+02, 5.000000e+00
8.784000e+02, 5.000000e+00
8.796000e+02, 5.000000e+00
8.808000e+02, 5.000000e+00
8.820000e+02, 5.000000e+00
8.832000e+02, 5.000000e+00
8.844000e+02, 5.000000e+00
8.856000e+02, 5.000000e+00
8.868000e+02, 5.000000e+00
8.880000e+02, 5.000000e+00
8.892000e+02, 5.000000e+00
8.904000e+02, 5.000000e+00
8.916000e+02, 5.000000e+00
8.928000e+02, 5.000000e+00
8.940000e+02, 5.000000e+00
8.952000e+02, 5.000000e+00
8.964000e+02, 5.000000e+00
8.976000e+02, 5.000000e+00
8.988000e+02, 5.000000e+00
9.000000e+02, 5.000000e+00
9.012000e+02, 5.000000e+00
9.024000e+02, 5.000000e+00
9.036000e+02, 5.000000e+00
9.048000e+02, 5.000000e+00
9.060000e+02, 5.000000e+00
9.072000e+02, 5.000000e+00
9.084000e+02, 5.000000e+00
9.096000e+02, 5.000000e+00
9.108000e+02, 5.000000e+00
9.120000e+02, 5.000000e+00
9.132000e+02, 5.000000e+00
9.144000e+02, 5.000000e+00
9.156000e+02, 5.000000e+00
9.168000e+02, 5.000000e+00
9.180000e+02, 5.000000e+00
9.192000e+02, 5.000000e+00
9.204000e+02, 5.000000e+00
9.216000e+02, 5.000000e+00
9.228000e+02, 5.000000e+00
9.240000e+02, 5.000000e+00
9.252000e+02, 5.000000e+00
9.264000e+02, 5.000000e+00
9.276000e+02, 5.000000e+00
9.288000e+02, 5.000000e+00
9.300000e+02, 5.000000e+00
9.312000e+02, 5.000000e+00
9.324000e+02, 5.000000e+00
9.336000e+02, 5.000000e+00
9.348000e+02, 5.000000e+00
9.360000e+02, 5.000000e+00
9.372000e+02, 5.000000e+00
9.384000e+02, 5.000000e+00
9.396000e+02, 5.000000e+00
9.408000e+02, 5.000000e+00
9.420000e+02, 5.000000e+00
9.432000e+02, 5.000000e+00
9.444000e+02, 5.000000e+00
9.456000e+02, 5.000000e+00
9.468000e+02, 5.000000e+00
9.480000e+02, 5.000000e+00
9.492000e+02, 5.000000e+00
9.504000e+02, 5.000000e+00
9.516000e+02, 5.000000e+00
9.528000e+02, 5.000000e+00
9.540000e+02, 5.000000e+00
9.552000e+02, 5.000000e+00
9.564000e+02, 5.000000e+00
9.576000e+02, 5.000000e+00
9.588000e+02, 5.000000e+00
9.600000e+02, 5.000000e+00
9.612000e+02, 5.000000e+00
9.624000e+02, 5.000000e+00
9.636000e+02, 5.000000e+00
9.648000e+02, 5.000000e+00
9.660000e+02, 5.000000e+00
9.672000e+02, 5.000000e+00
9.684000e+02, 5.000000e+00
9.696000e+02, 5.000000e+00
9.708000e+02, 5.000000e+00
9.720000e+02, 5.000000e+00
9.732000e+02, 5.000000e+00
9.744000e+02, 5.000000e+00
9.756000e+02, 5.000000e+00
9.768000e+02, 5.000000e+00
9.780000e+02, 5.000000e+00
9.792000e+02, 5.000000e+00
9.804000e+02, 5.000000e+00
9.816000e+02, 5.000000e+00
9.828000e+02, 5.000000e+00
9.840000e+02, 5.000000e+00
9.852000e+02, 5.000000e+00
9.864000e+02, 5.000000e+00
9.876000e+02, 5.000000e+00
9.888000e+02, 5.000000e+00
9.900000e+02, 5.000000e+00
9.912000e+02, 5.000000e+00
9.924000e+02, 5.000000e+00
9.936000e+02, 5.000000e+00
9.948000e+02, 5.000000e+00
9.960000e+02, 5.000000e+00
9.972000e+02, 5.000000e+00
9.984000e+02, 5.000000e+00
9.996000e+02, 5.000000e+00
1.000800e+03, 5.000000e+00
1.002000e+03, 5.000000e+00
1.003200e+03, 5.000000e+00
1.004400e+03, 5.000000e+00
1.005600e+03, 5.000000e+00
1.006800e+03, 5.000000e+00
1.008000e+03, 5.000000e+00
1.009200e+03, 5.000000e+00
1.010400e+03, 5.000000e+00
1.011600e+03, 5.000000e+00
1.012800e+03, 5.000000e+00
1.014000e+03, 5.000000e+00
1.015200e+03, 5.000000e+00
1.016400e+03, 5.000000e+00
1.017600e+03, 5.000000e+00
1.018800e+03, 5.000000e+00
1.020000e+03, 5.000000e+00
1.021200e+03, 5.000000e+00
1.022400e+03, 5.000000e+00
1.023600e+03, 5.000000e+00
1.024800e+03, 5.000000e+00
1.026000e+03, 5.000000e+00
1.027200e+03, 5.000000e+00
1.028400e+03, 5.000000e+00
1.029600e+03, 5.000000e+00
1.030800e+03, 5.000000e+00
1.032000e+03, 5.000000e+00
1.033200e+03, 5.000000e+00
1.034400e+03, 5.000000e+00
1.035600e+03, 5.000000e+00
1.036800e+03, 5.000000e+00
1.038000e+03, 5.000000e+00
1.039200e+03, 5.000000e+00
1.040400e+03, 5.000000e+00
1.041600e+03, 5.000000e+00
1.042800e+03, 5.000000e+00
1.044000e+03, 5.000000e+00
1.045200e+03, 5.000000e+00
1.046400e+03, 5.000000e+00
1.047600e+03, 5.000000e+00
1.048800e+03, 5.000000e+00
1.050000e+03, 5.000000e+00
1.051200e+03, 5.000000e+00
1.052400e+03, 5.000000e+00
1.053600e+03, 5.000000e+00
1.054800e+03, 5.000000e+00
1.056000e+03, 5.000000e+00
1.057200e+03, 5.000000e+00
1.058400e+03, 5.000000e+00
1.059600e+03, 5.000000e+00
1.060800e+03, 5.000000e+00
1.062000e+03, 5.000000e+00
1.063200e+03, 5.000000e+00
1.064400e+03, 5.000000e+00
1.065600e+03, 5.000000e+00
1.066800e+03, 5.000000e+00
1.068000e+03, 5.000000e+00
1.069200e+03, 5.000000e+00
1.070400e+03, 5.000000e+00
1.071600e+03, 5.000000e+00
1.072800e+03, 5.000000e+00
1.074000e+03, 5.000000e+00
1.075200e+03, 5.000000e+00
1.076400e+03, 5.000000e+00
1.077600e+03, 5.000000e+00
1.078800e+03, 5.000000e+00
1.080000e+03, 5.000000e+00
1.081200e+03, 5.000000e+00
1.082400e+03, 5.000000e+00
1.083600e+03, 5.000000e+00
1.084800e+03, 5.000000e+00
1.086000e+03, 5.000000e+00
1.087200e+03, 5.000000e+00
1.088400e+03, 5.000000e+00
1.089600e+03, 5.000000e+00
1.090800e+03, 5.000000e+00
1.092000e+03, 5.000000e+00
1.093200e+03, 5.000000e+00
1.094400e+03, 5.000000e+00
1.095600e+03, 5.000000e+00
1.096800e+03, 5.000000e+00
1.098000e+03, 5.000000e+00
1.099200e+03, 5.000000e+00
1.100400e+03, 5.000000e+00
1.101600e+03, 5.000000e+00
1.102800e+03, 5.000000e+00
1.104000e+03, 5.000000e+00
1.105200e+03, 5.000000e+00
1.106400e+03, 5.000000e+00
1.107600e+03, 5.000000e+00
1.108800e+03, 5.000000e+00
1.110000e+03, 5.000000e+00
1.111200e+03, 5.000000e+00
1.112400e+03, 5.000000e+00
1.113600e+03, 5.000000e+00
1.114800e+03, 5.000000e+00
1.116000e+03, 5.000000e+00
1.117200e+03, 5.000000e+00
1.118400e+03, 5.000000e+00
1.119600e+03, 5.000000e+00
1.120800e+03, 5.000000e+00
1.122000e+03, 5.000000e+00
1.123200e+03, 5.000000e+00
1.124400e+03, 5.000000e+00
1.125600e+03, 5.000000e+00
1.126800e+03, 5.000000e+00
1.128000e+03, 5.000000e+00
1.129200e+03, 5.000000e+00
1.130400e+03, 5.000000e+00
1.131600e+03, 5.000000e+00
1.132800e+03, 5.000000e+00
1.134000e+03, 5.000000e+00
1.135200e+03, 5.000000e+00
1.136400e+03, 5.000000e+00
1.137600e+03, 5.000000e+00
1.138800e+03, 5.000000e+00
1.140000e+03, 5.000000e+00
1.141200e+03, 5.000000e+00
1.142400e+03, 5.000000e+00
1.143600e+03, 5.000000e+00
1.144800e+03, 5.000000e+00
1.146000e+03, 5.000000e+00
1.147200e+03, 5.000000e+00
1.148400e+03, 5.000000e+00
1.149600e+03, 5.000000e+00
1.150800e+03, 5.000000e+00
1.152000e+03, 5.000000e+00
1.153200e+03, 5.000000e+00
1.154400e+03, 5.000000e+00
1.155600e+03, 5.000000e+00
1.156800e+03, 5.000000e+00
1.158000e+03, 5.000000e+00
1.159200e+03, 5.000000e+00
1.160400e+03, 5.000000e+00
1.161600e+03, 5.000000e+00
1.162800e+03, 5.000000e+00
1.164000e+03, 5.000000e+00
1.165200e+03, 5.000000e+00
1.166400e+03, 5.000000e+00
1.167600e+03, 5.000000e+00
1.168800e+03, 5.000000e+00
1.170000e+03, 5.000000e+00
1.171200e+03, 5.000000e+00
1.172400e+03, 5.000000e+00
1.173600e+03, 5.000000e+00
1.174800e+03, 5.000000e+00
1.176000e+03, 5.000000e+00
1.177200e+03, 5.000000e+00
1.178400e+03, 5.000000e+00
1.179600e+03, 5.000000e+00
1.180800e+03, 5.000000e+00
1.182000e+03, 5.000000e+00
1.183200e+03, 5.000000e+00
1.184400e+03, 5.000000e+00
1.185600e+03, 5.000000e+00
1.186800e+03, 5.000000e+00
1.188000e+03, 5.000000e+00
1.189200e+03, 5.000000e+00
1.190400e+03, 5.000000e+00
1.191600e+03, 5.000000e+00
1.192800e+03, 5.000000e+00
1.194000e+03, 5.000000e+00
1.195200e+03, 5.000000e+00
1.196400e+03, 5.000000e+00
1.197600e+03, 5.000000e+00
1.198800e+03, 5.000000e+00
1.200000e+03, 5.000000e+00
1.201200e+03, 5.000000e+00
1.202400e+03, 5.000000e+00
1.203600e+03, 5.000000e+00
1.204800e+03, 5.000000e+00
1.206000e+03, 5.000000e+00
1.207200e+03, 5.000000e+00
1.208400e+03, 5.000000e+00
1.209600e+03, 5.000000e+00
1.210800e+03, 5.000000e+00
1.212000e+03, 5.000000e+00
1.213200e+03, 5.000000e+00
1.214400e+03, 5.000000e+00
1.215600e+03, 5.000000e+00
1.216800e+03, 5.000000e+00
1.218000e+03, 5.000000e+00
1.219200e+03, 5.000000e+00
1.220400e+03, 5.000000e+00
1.221600e+03, 5.000000e+00
1.222800e+03, 5.000000e+00
1.224000e+03, 5.000000e+00
1.225200e+03, 5.000000e+00
1.226400e+03, 5.000000e+00
1.227600e+03, 5.000000e+00
1.228800e+03, 5.000000e+00
1.230000e+03, 5.000000e+00
1.231200e+03, 5.000000e+00
1.232400e+03, 5.000000e+00
1.233600e+03, 5.000000e+00
1.234800e+03, 5.000000e+00
1.236000e+03, 5.000000e+00
1.237200e+03, 5.000000e+00
1.238400e+03, 5.000000e+00
1.239600e+03, 5.000000e+00
1.240800e+03, 5.000000e+00
1.242000e+03, 5.000000e+00
1.243200e+03, 5.000000e+00
1.244400e+03, 5.000000e+00
1.245600e+03, 5.000000e+00
1.246800e+03, 5.000000e+00
1.248000e+03, 5.000000e+00
1.249200e+03, 5.000000e+00
1.250400e+03, 5.000000e+00
1.251600e+03, 5.000000e+00
1.252800e+03, 5.000000e+00
1.254000e+03, 5.000000e+00
1.255200e+03, 5.000000e+00
1.256400e+03, 5.000000e+00
1.257600e+03, 5.000000e+00
1.258800e+03, 5.000000e+00
1.260000e+03, 5.000000e+00
1.261200e+03, 5.000000e+00
1.262400e+03, 5.000000e+00
1.263600e+03, 5.000000e+00
1.264800e+03, 5.000000e+00
1.266000e+03, 5.000000e+00
1.267200e+03, 5.000000e+00
1.268400e+03, 5.000000e+00
1.269600e+03, 5.000000e+00
1.270800e+03, 5.000000e+00
1.272000e+03, 5.000000e+00
1.273200e+03, 5.000000e+00
1.274400e+03, 5.000000e+00
1.275600e+03, 5.000000e+00
1.276800e+03, 5.000000e+00
1.278000e+03, 5.000000e+00
1.279200e+03, 5.000000e+00
1.280400e+03, 5.000000e+00
1.281600e+03, 5.000000e+00
1.282800e+03, 5.000000e+00
1.284000e+03, 5.000000e+00
1.285200e+03, 5.000000e+00
1.286400e+03, 5.000000e+00
1.287600e+03, 5.000000e+00
1.288800e+03, 5.000000e+00
1.290000e+03, 5.000000e+00
1.291200e+03, 5.000000e+00
1.292400e+03, 5.000000e+00
1.293600e+03, 5.000000e+00
1.294800e+03, 5.000000e+00
1.296000e+03, 5.000000e+00
1.297200e+03, 5.000000e+00
1.298400e+03, 5.000000e+00
1.299600e+03, 5.000000e+00
1.300800e+03, 5.000000e+00
1.302000e+03, 5.000000e+00
1.303200e+03, 5.000000e+00
1.304400e+03, 5.000000e+00
1.305600e+03, 5.000000e+00
1.306800e+03, 5.000000e+00
1.308000e+03, 5.000000e+00
1.309200e+03, 5.000000e+00
1.310400e+03, 5.000000e+00
1.311600e+03, 5.000000e+00
1.312800e+03, 5.000000e+00
1.314000e+03, 5.000000e+00
1.315200e+03, 5.000000e+00
1.316400e+03, 5.000000e+00
1.317600e+03, 5.000000e+00
1.318800e+03, 5.000000e+00
1.320000e+03, 5.000000e+00
1.321200e+03, 5.000000e+00
1.322400e+03, 5.000000e+00
1.323600e+03, 5.000000e+00
1.324800e+03, 5.000000e+00
1.326000e+03, 5.000000e+00
1.327200e+03, 5.000000e+00
1.328400e+03, 5.000000e+00
1.329600e+03, 5.000000e+00
1.330800e+03, 5.000000e+00
1.332000e+03, 5.000000e+00
1.333200e+03, 5.000000e+00
1.334400e+03, 5.000000e+00
1.335600e+03, 5.000000e+00
1.336800e+03, 5.000000e+00
1.338000e+03, 5.000000e+00
1.339200e+03, 5.000000e+00
1.340400e+03, 5.000000e+00
1.341600e+03, 5.000000e+00
1.342800e+03, 5.000000e+00
1.344000e+03, 5.000000e+00
1.345200e+03, 5.000000e+00
1.346400e+03, 5.000000e+00
1.347600e+03, 5.000000e+00
1.348800e+03, 5.000000e+00
1.350000e+03, 5.000000e+00
1.351200e+03, 5.000000e+00
1.352400e+03, 5.000000e+00
1.353600e+03, 5.000000e+00
1.354800e+03, 5.000000e+00
1.356000e+03, 5.000000e+00
1.357200e+03, 5.000000e+00
1.358400e+03, 5.000000e+00
1.359600e+03, 5.000000e+00
1.360800e+03, 5.000000e+00
1.362000e+03, 5.000000e+00
1.363200e+03, 5.000000e+00
1.364400e+03, 5.000000e+00
1.365600e+03, 5.000000e+00
1.366800e+03, 5.000000e+00
1.368000e+03, 5.000000e+00
1.369200e+03, 5.000000e+00
1.370400e+03, 5.000000e+00
1.371600e+03, 5.000000e+00
1.372800e+03, 5.000000e+00
1.374000e+03, 5.000000e+00
1.375200e+03, 5.000000e+00
1.376400e+03, 5.000000e+00
1.377600e+03, 5.000000e+00
1.378800e+03, 5.000000e+00
1.380000e+03, 5.000000e+00
1.381200e+03, 5.000000e+00
1.382400e+03, 5.000000e+00
1.383600e+03, 5.000000e+00
1.384800e+03, 5.000000e+00
1.386000e+03, 5.000000e+00
1.387200e+03, 5.000000e+00
1.388400e+03, 5.000000e+00
1.389600e+03, 5.000000e+00
1.390800e+03, 5.000000e+00
1.392000e+03, 5.000000e+00
1.393200e+03, 5.000000e+00
1.394400e+03, 5.000000e+00
1.395600e+03, 5.000000e+00
1.396800e+03, 5.000000e+00
1.398000e+03, 5.000000e+00
1.399200e+03, 5.000000e+00
1.400400e+03, 5.000000e+00
1.401600e+03, 5.000000e+00
1.402800e+03, 5.000000e+00
1.404000e+03, 5.000000e+00
1.405200e+03, 5.000000e+00
1.406400e+03, 5.000000e+00
1.407600e+03, 5.000000e+00
1.408800e+03, 5.000000e+00
1.410000e+03, 5.000000e+00
1.411200e+03, 5.000000e+00
1.412400e+03, 5.000000e+00
1.413600e+03, 5.000000e+00
1.414800e+03, 5.000000e+00
1.416000e+03, 5.000000e+00
1.417200e+03, 5.000000e+00
1.418400e+03, 5.000000e+00
1.419600e+03, 5.000000e+00
1.420800e+03, 5.000000e+00
1.422000e+03, 5.000000e+00
1.423200e+03, 5.000000e+00
1.424400e+03, 5.000000e+00
1.425600e+03, 5.000000e+00
1.426800e+03, 5.000000e+00
1.428000e+03, 5.000000e+00
1.429200e+03, 5.000000e+00
1.430400e+03, 5.000000e+00
1.431600e+03, 5.000000e+00
1.432800e+03, 5.000000e+00
1.434000e+03, 5.000000e+00
1.435200e+03, 5.000000e+00
1.436400e+03, 5.000000e+00
1.437600e+03, 5.000000e+00
1.438800e+03, 5.000000e+00
1.440000e+03, 5.000000e+00
1.441200e+03, 5.000000e+00
1.442400e+03, 5.000000e+00
1.443600e+03, 5.000000e+00
1.444800e+03, 5.000000e+00
1.446000e+03, 5.000000e+00
1.447200e+03, 5.000000e+00
1.448400e+03, 5.000000e+00
1.449600e+03, 5.000000e+00
1.450800e+03, 5.000000e+00
1.452000e+03, 5.000000e+00
1.453200e+03, 5.000000e+00
1.454400e+03, 5.000000e+00
1.455600e+03, 5.000000e+00
1.456800e+03, 5.000000e+00
1.458000e+03, 5.000000e+00
1.459200e+03, 5.000000e+00
1.460400e+03, 5.000000e+00
1.461600e+03, 5.000000e+00
1.462800e+03, 5.000000e+00
1.464000e+03, 5.000000e+00
1.465200e+03, 5.000000e+00
1.466400e+03, 5.000000e+00
1.467600e+03, 5.000000e+00
1.468800e+03, 5.000000e+00
1.470000e+03, 5.000000e+00
1.471200e+03, 5.000000e+00
1.472400e+03, 5.000000e+00
1.473600e+03, 5.000000e+00
1.474800e+03, 5.000000e+00
1.476000e+03, 5.000000e+00
1.477200e+03, 5.000000e+00
1.478400e+03, 5.000000e+00
1.479600e+03, 5.000000e+00
1.480800e+03, 5.000000e+00
1.482000e+03, 5.000000e+00
1.483200e+03, 5.000000e+00
1.484400e+03, 5.000000e+00
1.485600e+03, 5.000000e+00
1.486800e+03, 5.000000e+00
1.488000e+03, 5.000000e+00
1.489200e+03, 5.000000e+00
1.490400e+03, 5.000000e+00
1.491600e+03, 5.000000e+00
1.492800e+03, 5.000000e+00
1.494000e+03, 5.000000e+00
1.495200e+03, 5.000000e+00
1.496400e+03, 5.000000e+00
1.497600e+03, 5.000000e+00
1.498800e+03, 5.000000e+00
1.500000e+03, 5.000000e+00
1.501200e+03, 5.000000e+00
1.502400e+03, 5.000000e+00
1.503600e+03, 5.000000e+00
1.504800e+03, 5.000000e+00
1.506000e+03, 5.000000e+00
1.507200e+03, 5.000000e+00
1.508400e+03, 5.000000e+00
1.509600e+03, 5.000000e+00
1.510800e+03, 5.000000e+00
1.512000e+03, 5.000000e+00
1.513200e+03, 5.000000e+00
1.514400e+03, 5.000000e+00
1.515600e+03, 5.000000e+00
1.516800e+03, 5.000000e+00
1.518000e+03, 5.000000e+00
1.519200e+03, 5.000000e+00
1.520400e+03, 5.000000e+00
1.521600e+03, 5.000000e+00
1.522800e+03, 5.000000e+00
1.524000e+03, 5.000000e+00
1.525200e+03, 5.000000e+00
1.526400e+03, 5.000000e+00
1.527600e+03, 5.000000e+00
1.528800e+03, 5.000000e+00
1.530000e+03, 5.000000e+00
1.531200e+03, 5.000000e+00
1.532400e+03, 5.000000e+00
1.533600e+03, 5.000000e+00
1.534800e+03, 5.000000e+00
1.536000e+03, 5.000000e+00
1.537200e+03, 5.000000e+00
1.538400e+03, 5.000000e+00
1.539600e+03, 5.000000e+00
1.540800e+03, 5.000000e+00
1.542000e+03, 5.000000e+00
1.543200e+03, 5.000000e+00
1.544400e+03, 5.000000e+00
1.545600e+03, 5.000000e+00
1.546800e+03, 5.000000e+00
1.548000e+03, 5.000000e+00
1.549200e+03, 5.000000e+00
1.550400e+03, 5.000000e+00
1.551600e+03, 5.000000e+00
1.552800e+03, 5.000000e+00
1.554000e+03, 5.000000e+00
1.555200e+03, 5.000000e+00
1.556400e+03, 5.000000e+00
1.557600e+03, 5.000000e+00
1.558800e+03, 5.000000e+00
1.560000e+03, 5.000000e+00
1.561200e+03, 5.000000e+00
1.562400e+03, 5.000000e+00
1.563600e+03, 5.000000e+00
1.564800e+03, 5.000000e+00
1.566000e+03, 5.000000e+00
1.567200e+03, 5.000000e+00
1.568400e+03, 5.000000e+00
1.569600e+03, 5.000000e+00
1.570800e+03, 5.000000e+00
1.572000e+03, 5.000000e+00
1.573200e+03, 5.000000e+00
1.574400e+03, 5.000000e+00
1.575600e+03, 5.000000e+00
1.576800e+03, 5.000000e+00
1.578000e+03, 5.000000e+00
1.579200e+03, 5.000000e+00
1.580400e+03, 5.000000e+00
1.581600e+03, 5.000000e+00
1.582800e+03, 5.000000e+00
1.584000e+03, 5.000000e+00
1.585200e+03, 5.000000e+00
1.586400e+03, 5.000000e+00
1.587600e+03, 5.000000e+00
1.588800e+03, 5.000000e+00
1.590000e+03, 5.000000e+00
1.591200e+03, 5.000000e+00
1.592400e+03, 5.000000e+00
1.593600e+03, 5.000000e+00
1.594800e+03, 5.000000e+00
1.596000e+03, 5.000000e+00
1.597200e+03, 5.000000e+00
1.598400e+03, 5.000000e+00
1.599600e+03, 5.000000e+00
1.600800e+03, 5.000000e+00
1.602000e+03, 5.000000e+00
1.603200e+03, 5.000000e+00
1.604400e+03, 5.000000e+00
1.605600e+03, 5.000000e+00
1.606800e+03, 5.000000e+00
1.608000e+03, 5.000000e+00
1.609200e+03, 5.000000e+00
1.610400e+03, 5.000000e+00
1.611600e+03, 5.000000e+00
1.612800e+03, 5.000000e+00
1.614000e+03, 5.000000e+00
1.615200e+03, 5.000000e+00
1.616400e+03, 5.000000e+00
1.617600e+03, 5.000000e+00
1.618800e+03, 5.000000e+00
1.620000e+03, 5.000000e+00
1.621200e+03, 5.000000e+00
1.622400e+03, 5.000000e+00
1.623600e+03, 5.000000e+00
1.624800e+03, 5.000000e+00
1.626000e+03, 5.000000e+00
1.627200e+03, 5.000000e+00
1.628400e+03, 5.000000e+00
1.629600e+03, 5.000000e+00
1.630800e+03, 5.000000e+00
1.632000e+03, 5.000000e+00
1.633200e+03, 5.000000e+00
1.634400e+03, 5.000000e+00
1.635600e+03, 5.000000e+00
1.636800e+03, 5.000000e+00
1.638000e+03, 5.000000e+00
1.639200e+03, 5.000000e+00
1.640400e+03, 5.000000e+00
1.641600e+03, 5.000000e+00
1.642800e+03, 5.000000e+00
1.644000e+03, 5.000000e+00
1.645200e+03, 5.000000e+00
1.646400e+03, 5.000000e+00
1.647600e+03, 5.000000e+00
1.648800e+03, 5.000000e+00
1.650000e+03, 5.000000e+00
1.651200e+03, 5.000000e+00
1.652400e+03, 5.000000e+00
1.653600e+03, 5.000000e+00
1.654800e+03, 5.000000e+00
1.656000e+03, 5.000000e+00
1.657200e+03, 5.000000e+00
1.658400e+03, 5.000000e+00
1.659600e+03, 5.000000e+00
1.660800e+03, 5.000000e+00
1.662000e+03, 5.000000e+00
1.663200e+03, 5.000000e+00
1.664400e+03, 5.000000e+00
1.665600e+03, 5.000000e+00
1.666800e+03, 5.000000e+00
1.668000e+03, 5.000000e+00
1.669200e+03, 5.000000e+00
1.670400e+03, 5.000000e+00
1.671600e+03, 5.000000e+00
1.672800e+03, 5.000000e+00
1.674000e+03, 5.000000e+00
1.675200e+03, 5.000000e+00
1.676400e+03, 5.000000e+00
1.677600e+03, 5.000000e+00
1.678800e+03, 5.000000e+00
1.680000e+03, 5.000000e+00
1.681200e+03, 5.000000e+00
1.682400e+03, 5.000000e+00
1.683600e+03, 5.000000e+00
1.684800e+03, 5.000000e+00
1.686000e+03, 5.000000e+00
1.687200e+03, 5.000000e+00
1.688400e+03, 5.000000e+00
1.689600e+03, 5.000000e+00
1.690800e+03, 5.000000e+00
1.692000e+03, 5.000000e+00
1.693200e+03, 5.000000e+00
1.694400e+03, 5.000000e+00
1.695600e+03, 5.000000e+00
1.696800e+03, 5.000000e+00
1.698000e+03, 5.000000e+00
1.699200e+03, 5.000000e+00
1.700400e+03, 5.000000e+00
1.701600e+03, 5.000000e+00
1.702800e+03, 5.000000e+00
1.704000e+03, 5.000000e+00
1.705200e+03, 5.000000e+00
1.706400e+03, 5.000000e+00
1.707600e+03, 5.000000e+00
1.708800e+03, 5.000000e+00
1.710000e+03, 5.000000e+00
1.711200e+03, 5.000000e+00
1.712400e+03, 5.000000e+00
1.713600e+03, 5.000000e+00
1.714800e+03, 5.000000e+00
1.716000e+03, 5.000000e+00
1.717200e+03, 5.000000e+00
1.718400e+03, 5.000000e+00
1.719600e+03, 5.000000e+00
1.720800e+03, 5.000000e+00
1.722000e+03, 5.000000e+00
1.723200e+03, 5.000000e+00
1.724400e+03, 5.000000e+00
1.725600e+03, 5.000000e+00
1.726800e+03, 5.000000e+00
1.728000e+03, 5.000000e+00
1.729200e+03, 5.000000e+00
1.730400e+03, 5.000000e+00
1.731600e+03, 5.000000e+00
1.732800e+03, 5.000000e+00
1.734000e+03, 5.000000e+00
1.735200e+03, 5.000000e+00
1.736400e+03, 5.000000e+00
1.737600e+03, 5.000000e+00
1.738800e+03, 5.000000e+00
1.740000e+03, 5.000000e+00
1.741200e+03, 5.000000e+00
1.742400e+03, 5.000000e+00
1.743600e+03, 5.000000e+00
1.744800e+03, 5.000000e+00
1.746000e+03, 5.000000e+00
1.747200e+03, 5.000000e+00
1.748400e+03, 5.000000e+00
1.749600e+03, 5.000000e+00
1.750800e+03, 5.000000e+00
1.752000e+03, 5.000000e+00
1.753200e+03, 5.000000e+00
1.754400e+03, 5.000000e+00
1.755600e+03, 5.000000e+00
1.756800e+03, 5.000000e+00
1.758000e+03, 5.000000e+00
1.759200e+03, 5.000000e+00
1.760400e+03, 5.000000e+00
1.761600e+03, 5.000000e+00
1.762800e+03, 5.000000e+00
1.764000e+03, 5.000000e+00
1.765200e+03, 5.000000e+00
1.766400e+03, 5.000000e+00
1.767600e+03, 5.000000e+00
1.768800e+03, 5.000000e+00
1.770000e+03, 5.000000e+00
1.771200e+03, 5.000000e+00
1.772400e+03, 5.000000e+00
1.773600e+03, 5.000000e+00
1.774800e+03, 5.000000e+00
1.776000e+03, 5.000000e+00
1.777200e+03, 5.000000e+00
1.778400e+03, 5.000000e+00
1.779600e+03, 5.000000e+00
1.780800e+03, 5.000000e+00
1.782000e+03, 5.000000e+00
1.783200e+03, 5.000000e+00
1.784400e+03, 5.000000e+00
1.785600e+03, 5.000000e+00
1.786800e+03, 5.000000e+00
1.788000e+03, 5.000000e+00
1.789200e+03, 5.000000e+00
1.790400e+03, 5.000000e+00
1.791600e+03, 5.000000e+00
1.792800e+03, 5.000000e+00
1.794000e+03, 5.000000e+00
1.795200e+03, 5.000000e+00
1.796400e+03, 5.000000e+00
1.797600e+03, 5.000000e+00
1.798800e+03, 5.000000e+00
1.800000e+03, 5.000000e+00
1.801200e+03, 5.000000e+00
1.802400e+03, 5.000000e+00
1.803600e+03, 5.000000e+00
1.804800e+03, 5.000000e+00
1.806000e+03, 5.000000e+00
1.807200e+03, 5.000000e+00
1.808400e+03, 5.000000e+00
1.809600e+03, 5.000000e+00
1.810800e+03, 5.000000e+00
1.812000e+03, 5.000000e+00
1.813200e+03, 5.000000e+00
1.814400e+03, 5.000000e+00
1.815600e+03, 5.000000e+00
1.816800e+03, 5.000000e+00
1.818000e+03, 5.000000e+00
1.819200e+03, 5.000000e+00
1.820400e+03, 5.000000e+00
1.821600e+03, 5.000000e+00
1.822800e+03, 5.000000e+00
1.824000e+03, 5.000000e+00
1.825200e+03, 5.000000e+00
1.826400e+03, 5.000000e+00
1.827600e+03, 5.000000e+00
1.828800e+03, 5.000000e+00
1.830000e+03, 5.000000e+00
1.831200e+03, 5.000000e+00
1.832400e+03, 5.000000e+00
1.833600e+03, 5.000000e+00
1.834800e+03, 5.000000e+00
1.836000e+03, 5.000000e+00
1.837200e+03, 5.000000e+00
1.838400e+03, 5.000000e+00
1.839600e+03, 5.000000e+00
1.840800e+03, 5.000000e+00
1.842000e+03, 5.000000e+00
1.843200e+03, 5.000000e+00
1.844400e+03, 5.000000e+00
1.845600e+03, 5.000000e+00
1.846800e+03, 5.000000e+00
1.848000e+03, 5.000000e+00
1.849200e+03, 5.000000e+00
1.850400e+03, 5.000000e+00
1.851600e+03, 5.000000e+00
1.852800e+03, 5.000000e+00
1.854000e+03, 5.000000e+00
1.855200e+03, 5.000000e+00
1.856400e+03, 5.000000e+00
1.857600e+03, 5.000000e+00
1.858800e+03, 5.000000e+00
1.860000e+03, 5.000000e+00
1.861200e+03, 5.000000e+00
1.862400e+03, 5.000000e+00
1.863600e+03, 5.000000e+00
1.864800e+03, 5.000000e+00
1.866000e+03, 5.000000e+00
1.867200e+03, 5.000000e+00
1.868400e+03, 5.000000e+00
1.869600e+03, 5.000000e+00
1.870800e+03, 5.000000e+00
1.872000e+03, 5.000000e+00
1.873200e+03, 5.000000e+00
1.874400e+03, 5.000000e+00
1.875600e+03, 5.000000e+00
1.876800e+03, 5.000000e+00
1.878000e+03, 5.000000e+00
1.879200e+03, 5.000000e+00
1.880400e+03, 5.000000e+00
1.881600e+03, 5.000000e+00
1.882800e+03, 5.000000e+00
1.884000e+03, 5.000000e+00
1.885200e+03, 5.000000e+00
1.886400e+03, 5.000000e+00
1.887600e+03, 5.000000e+00
1.888800e+03, 5.000000e+00
1.890000e+03, 5.000000e+00
1.891200e+03, 5.000000e+00
1.892400e+03, 5.000000e+00
1.893600e+03, 5.000000e+00
1.894800e+03, 5.000000e+00
1.896000e+03, 5.000000e+00
1.897200e+03, 5.000000e+00
1.898400e+03, 5.000000e+00
1.899600e+03, 5.000000e+00
1.900800e+03, 5.000000e+00
1.902000e+03, 5.000000e+00
1.903200e+03, 5.000000e+00
1.904400e+03, 5.000000e+00
1.905600e+03, 5.000000e+00
1.906800e+03, 5.000000e+00
1.908000e+03, 5.000000e+00
1.909200e+03, 5.000000e+00
1.910400e+03, 5.000000e+00
1.911600e+03, 5.000000e+00
1.912800e+03, 5.000000e+00
1.914000e+03, 5.000000e+00
1.915200e+03, 5.000000e+00
1.916400e+03, 5.000000e+00
1.917600e+03, 5.000000e+00
1.918800e+03, 5.000000e+00
1.920000e+03, 5.000000e+00
1.921200e+03, 5.000000e+00
1.922400e+03, 5.000000e+00
1.923600e+03, 5.000000e+00
1.924800e+03, 5.000000e+00
1.926000e+03, 5.000000e+00
1.927200e+03, 5.000000e+00
1.928400e+03, 5.000000e+00
1.929600e+03, 5.000000e+00
1.930800e+03, 5.000000e+00
1.932000e+03, 5.000000e+00
1.933200e+03, 5.000000e+00
1.934400e+03, 5.000000e+00
1.935600e+03, 5.000000e+00
1.936800e+03, 5.000000e+00
1.938000e+03, 5.000000e+00
1.939200e+03, 5.000000e+00
1.940400e+03, 5.000000e+00
1.941600e+03, 5.000000e+00
1.942800e+03, 5.000000e+00
1.944000e+03, 5.000000e+00
1.945200e+03, 5.000000e+00
1.946400e+03, 5.000000e+00
1.947600e+03, 5.000000e+00
1.948800e+03, 5.000000e+00
1.950000e+03, 5.000000e+00
1.951200e+03, 5.000000e+00
1.952400e+03, 5.000000e+00
1.953600e+03, 5.000000e+00
1.954800e+03, 5.000000e+00
1.956000e+03, 5.000000e+00
1.957200e+03, 5.000000e+00
1.958400e+03, 5.000000e+00
1.959600e+03, 5.000000e+00
1.960800e+03, 5.000000e+00
1.962000e+03, 5.000000e+00
1.963200e+03, 5.000000e+00
1.964400e+03, 5.000000e+00
1.965600e+03, 5.000000e+00
1.966800e+03, 5.000000e+00
1.968000e+03, 5.000000e+00
1.969200e+03, 5.000000e+00
1.970400e+03, 5.000000e+00
1.971600e+03, 5.000000e+00
1.972800e+03, 5.000000e+00
1.974000e+03, 5.000000e+00
1.975200e+03, 5.000000e+00
1.976400e+03, 5.000000e+00
1.977600e+03, 5.000000e+00
1.978800e+03, 5.000000e+00
1.980000e+03, 5.000000e+00
1.981200e+03, 5.000000e+00
1.982400e+03, 5.000000e+00
1.983600e+03, 5.000000e+00
1.984800e+03, 5.000000e+00
1.986000e+03, 5.000000e+00
1.987200e+03, 5.000000e+00
1.988400e+03, 5.000000e+00
1.989600e+03, 5.000000e+00
1.990800e+03, 5.000000e+00
1.992000e+03, 5.000000e+00
1.993200e+03, 5.000000e+00
1.994400e+03, 5.000000e+00
1.995600e+03, 5.000000e+00
1.996800e+03, 5.000000e+00
1.998000e+03, 5.000000e+00
1.999200e+03, 5.000000e+00
2.000400e+03, 5.000000e+00
2.001600e+03, 5.000000e+00
2.002800e+03, 5.000000e+00
2.004000e+03, 5.000000e+00
2.005200e+03, 5.000000e+00
2.006400e+03, 5.000000e+00
2.007600e+03, 5.000000e+00
2.008800e+03, 5.000000e+00
2.010000e+03, 5.000000e+00
2.011200e+03, 5.000000e+00
2.012400e+03, 5.000000e+00
2.013600e+03, 5.000000e+00
2.014800e+03, 5.000000e+00
2.016000e+03, 5.000000e+00
2.017200e+03, 5.000000e+00
2.018400e+03, 5.000000e+00
2.019600e+03, 5.000000e+00
2.020800e+03, 5.000000e+00
2.022000e+03, 5.000000e+00
2.023200e+03, 5.000000e+00
2.024400e+03, 5.000000e+00
2.025600e+03, 5.000000e+00
2.026800e+03, 5.000000e+00
2.028000e+03, 5.000000e+00
2.029200e+03, 5.000000e+00
2.030400e+03, 5.000000e+00
2.031600e+03, 5.000000e+00
2.032800e+03, 5.000000e+00
2.034000e+03, 5.000000e+00
2.035200e+03, 5.000000e+00
2.036400e+03, 5.000000e+00
2.037600e+03, 5.000000e+00
2.038800e+03, 5.000000e+00
2.040000e+03, 5.000000e+00
2.041200e+03, 5.000000e+00
2.042400e+03, 5.000000e+00
2.043600e+03, 5.000000e+00
2.044800e+03, 5.000000e+00
2.046000e+03, 5.000000e+00
2.047200e+03, 5.000000e+00
2.048400e+03, 5.000000e+00
2.049600e+03, 5.000000e+00
2.050800e+03, 5.000000e+00
2.052000e+03, 5.000000e+00
2.053200e+03, 5.000000e+00
2.054400e+03, 5.000000e+00
2.055600e+03, 5.000000e+00
2.056800e+03, 5.000000e+00
2.058000e+03, 5.000000e+00
2.059200e+03, 5.000000e+00
2.060400e+03, 5.000000e+00
2.061600e+03, 5.000000e+00
2.062800e+03, 5.000000e+00
2.064000e+03, 5.000000e+00
2.065200e+03, 5.000000e+00
2.066400e+03, 5.000000e+00
2.067600e+03, 5.000000e+00
2.068800e+03, 5.000000e+00
2.070000e+03, 5.000000e+00
2.071200e+03, 5.000000e+00
2.072400e+03, 5.000000e+00
2.073600e+03, 5.000000e+00
2.074800e+03, 5.000000e+00
2.076000e+03, 5.000000e+00
2.077200e+03, 5.000000e+00
2.078400e+03, 5.000000e+00
2.079600e+03, 5.000000e+00
2.080800e+03, 5.000000e+00
2.082000e+03, 5.000000e+00
2.083200e+03, 5.000000e+00
2.084400e+03, 5.000000e+00
2.085600e+03, 5.000000e+00
2.086800e+03, 5.000000e+00
2.088000e+03, 5.000000e+00
2.089200e+03, 5.000000e+00
2.090400e+03, 5.000000e+00
2.091600e+03, 5.000000e+00
2.092800e+03, 5.000000e+00
2.094000e+03, 5.000000e+00
2.095200e+03, 5.000000e+00
2.096400e+03, 5.000000e+00
2.097600e+03, 5.000000e+00
2.098800e+03, 5.000000e+00
2.100000e+03, 5.000000e+00
2.101200e+03, 5.000000e+00
2.102400e+03, 5.000000e+00
2.103600e+03, 5.000000e+00
2.104800e+03, 5.000000e+00
2.106000e+03, 5.000000e+00
2.107200e+03, 5.000000e+00
2.108400e+03, 5.000000e+00
2.109600e+03, 5.000000e+00
2.110800e+03, 5.000000e+00
2.112000e+03, 5.000000e+00
2.113200e+03, 5.000000e+00
2.114400e+03, 5.000000e+00
2.115600e+03, 5.000000e+00
2.116800e+03, 5.000000e+00
2.118000e+03, 5.000000e+00
2.119200e+03, 5.000000e+00
2.120400e+03, 5.000000e+00
2.121600e+03, 5.000000e+00
2.122800e+03, 5.000000e+00
2.124000e+03, 5.000000e+00
2.125200e+03, 5.000000e+00
2.126400e+03, 5.000000e+00
2.127600e+03, 5.000000e+00
2.128800e+03, 5.000000e+00
2.130000e+03, 5.000000e+00
2.131200e+03, 5.000000e+00
2.132400e+03, 5.000000e+00
2.133600e+03, 5.000000e+00
2.134800e+03, 5.000000e+00
2.136000e+03, 5.000000e+00
2.137200e+03, 5.000000e+00
2.138400e+03, 5.000000e+00
2.139600e+03, 5.000000e+00
2.140800e+03, 5.000000e+00
2.142000e+03, 5.000000e+00
2.143200e+03, 5.000000e+00
2.144400e+03, 5.000000e+00
2.145600e+03, 5.000000e+00
2.146800e+03, 5.000000e+00
2.148000e+03, 5.000000e+00
2.149200e+03, 5.000000e+00
2.150400e+03, 5.000000e+00
2.151600e+03, 5.000000e+00
2.152800e+03, 5.000000e+00
2.154000e+03, 5.000000e+00
2.155200e+03, 5.000000e+00
2.156400e+03, 5.000000e+00
2.157600e+03, 5.000000e+00
2.158800e+03, 5.000000e+00
2.160000e+03, 5.000000e+00
2.161200e+03, 5.000000e+00
2.162400e+03, 5.000000e+00
2.163600e+03, 5.000000e+00
2.164800e+03, 5.000000e+00
2.166000e+03, 5.000000e+00
2.167200e+03, 5.000000e+00
2.168400e+03, 5.000000e+00
2.169600e+03, 5.000000e+00
2.170800e+03, 5.000000e+00
2.172000e+03, 5.000000e+00
2.173200e+03, 5.000000e+00
2.174400e+03, 5.000000e+00
2.175600e+03, 5.000000e+00
2.176800e+03, 5.000000e+00
2.178000e+03, 5.000000e+00
2.179200e+03, 5.000000e+00
2.180400e+03, 5.000000e+00
2.181600e+03, 5.000000e+00
2.182800e+03, 5.000000e+00
2.184000e+03, 5.000000e+00
2.185200e+03, 5.000000e+00
2.186400e+03, 5.000000e+00
2.187600e+03, 5.000000e+00
2.188800e+03, 5.000000e+00
2.190000e+03, 5.000000e+00
2.191200e+03, 5.000000e+00
2.192400e+03, 5.000000e+00
2.193600e+03, 5.000000e+00
2.194800e+03, 5.000000e+00
2.196000e+03, 5.000000e+00
2.197200e+03, 5.000000e+00
2.198400e+03, 5.000000e+00
2.199600e+03, 5.000000e+00
2.200800e+03, 5.000000e+00
2.202000e+03, 5.000000e+00
2.203200e+03, 5.000000e+00
2.204400e+03, 5.000000e+00
2.205600e+03, 5.000000e+00
2.206800e+03, 5.000000e+00
2.208000e+03, 5.000000e+00
2.209200e+03, 5.000000e+00
2.210400e+03, 5.000000e+00
2.211600e+03, 5.000000e+00
2.212800e+03, 5.000000e+00
2.214000e+03, 5.000000e+00
2.215200e+03, 5.000000e+00
2.216400e+03, 5.000000e+00
2.217600e+03, 5.000000e+00
2.218800e+03, 5.000000e+00
2.220000e+03, 5.000000e+00
2.221200e+03, 5.000000e+00
2.222400e+03, 5.000000e+00
2.223600e+03, 5.000000e+00
2.224800e+03, 5.000000e+00
2.226000e+03, 5.000000e+00
2.227200e+03, 5.000000e+00
2.228400e+03, 5.000000e+00
2.229600e+03, 5.000000e+00
2.230800e+03, 5.000000e+00
2.232000e+03, 5.000000e+00
2.233200e+03, 5.000000e+00
2.234400e+03, 5.000000e+00
2.235600e+03, 5.000000e+00
2.236800e+03, 5.000000e+00
2.238000e+03, 5.000000e+00
2.239200e+03, 5.000000e+00
2.240400e+03, 5.000000e+00
2.241600e+03, 5.000000e+00
2.242800e+03, 5.000000e+00
2.244000e+03, 5.000000e+00
2.245200e+03, 5.000000e+00
2.246400e+03, 5.000000e+00
2.247600e+03, 5.000000e+00
2.248800e+03, 5.000000e+00
2.250000e+03, 5.000000e+00
2.251200e+03, 5.000000e+00
2.252400e+03, 5.000000e+00
2.253600e+03, 5.000000e+00
2.254800e+03, 5.000000e+00
2.256000e+03, 5.000000e+00
2.257200e+03, 5.000000e+00
2.258400e+03, 5.000000e+00
2.259600e+03, 5.000000e+00
2.260800e+03, 5.000000e+00
2.262000e+03, 5.000000e+00
2.263200e+03, 5.000000e+00
2.264400e+03, 5.000000e+00
2.265600e+03, 5.000000e+00
2.266800e+03, 5.000000e+00
2.268000e+03, 5.000000e+00
2.269200e+03, 5.000000e+00
2.270400e+03, 5.000000e+00
2.271600e+03, 5.000000e+00
2.272800e+03, 5.000000e+00
2.274000e+03, 5.000000e+00
2.275200e+03, 5.000000e+00
2.276400e+03, 5.000000e+00
2.277600e+03, 5.000000e+00
2.278800e+03, 5.000000e+00
2.280000e+03, 5.000000e+00
2.281200e+03, 5.000000e+00
2.282400e+03, 5.000000e+00
2.283600e+03, 5.000000e+00
2.284800e+03, 5.000000e+00
2.286000e+03, 5.000000e+00
2.287200e+03, 5.000000e+00
2.288400e+03, 5.000000e+00
2.289600e+03, 5.000000e+00
2.290800e+03, 5.000000e+00
2.292000e+03, 5.000000e+00
2.293200e+03, 5.000000e+00
2.294400e+03, 5.000000e+00
2.295600e+03, 5.000000e+00
2.296800e+03, 5.000000e+00
2.298000e+03, 5.000000e+00
2.299200e+03, 5.000000e+00
2.300400e+03, 5.000000e+00
2.301600e+03, 5.000000e+00
2.302800e+03, 5.000000e+00
2.304000e+03, 5.000000e+00
2.305200e+03, 5.000000e+00
2.306400e+03, 5.000000e+00
2.307600e+03, 5.000000e+00
2.308800e+03, 5.000000e+00
2.310000e+03, 5.000000e+00
2.311200e+03, 5.000000e+00
2.312400e+03, 5.000000e+00
2.313600e+03, 5.000000e+00
2.314800e+03, 5.000000e+00
2.316000e+03, 5.000000e+00
2.317200e+03, 5.000000e+00
2.318400e+03, 5.000000e+00
2.319600e+03, 5.000000e+00
2.320800e+03, 5.000000e+00
2.322000e+03, 5.000000e+00
2.323200e+03, 5.000000e+00
2.324400e+03, 5.000000e+00
2.325600e+03, 5.000000e+00
2.326800e+03, 5.000000e+00
2.328000e+03, 5.000000e+00
2.329200e+03, 5.000000e+00
2.330400e+03, 5.000000e+00
2.331600e+03, 5.000000e+00
2.332800e+03, 5.000000e+00
2.334000e+03, 5.000000e+00
2.335200e+03, 5.000000e+00
2.336400e+03, 5.000000e+00
2.337600e+03, 5.000000e+00
2.338800e+03, 5.000000e+00
2.340000e+03, 5.000000e+00
2.341200e+03, 5.000000e+00
2.342400e+03, 5.000000e+00
2.343600e+03, 5.000000e+00
2.344800e+03, 5.000000e+00
2.346000e+03, 5.000000e+00
2.347200e+03, 5.000000e+00
2.348400e+03, 5.000000e+00
2.349600e+03, 5.000000e+00
2.350800e+03, 5.000000e+00
2.352000e+03, 5.000000e+00
2.353200e+03, 5.000000e+00
2.354400e+03, 5.000000e+00
2.355600e+03, 5.000000e+00
2.356800e+03, 5.000000e+00
2.358000e+03, 5.000000e+00
2.359200e+03, 5.000000e+00
2.360400e+03, 5.000000e+00
2.361600e+03, 5.000000e+00
2.362800e+03, 5.000000e+00
2.364000e+03, 5.000000e+00
2.365200e+03, 5.000000e+00
2.366400e+03, 5.000000e+00
2.367600e+03, 5.000000e+00
2.368800e+03, 5.000000e+00
2.370000e+03, 5.000000e+00
2.371200e+03, 5.000000e+00
2.372400e+03, 5.000000e+00
2.373600e+03, 5.000000e+00
2.374800e+03, 5.000000e+00
2.376000e+03, 5.000000e+00
2.377200e+03, 5.000000e+00
2.378400e+03, 5.000000e+00
2.379600e+03, 5.000000e+00
2.380800e+03, 5.000000e+00
2.382000e+03, 5.000000e+00
2.383200e+03, 5.000000e+00
2.384400e+03, 5.000000e+00
2.385600e+03, 5.000000e+00
2.386800e+03, 5.000000e+00
2.388000e+03, 5.000000e+00
2.389200e+03, 5.000000e+00
2.390400e+03, 5.000000e+00
2.391600e+03, 5.000000e+00
2.392800e+03, 5.000000e+00
2.394000e+03, 5.000000e+00
2.395200e+03, 5.000000e+00
2.396400e+03, 5.000000e+00
2.397600e+03, 5.000000e+00
2.398800e+03, 5.000000e+00
2.400000e+03, 5.000000e+00
2.401200e+03, 5.000000e+00
2.402400e+03, 5.000000e+00
2.403600e+03, 5.000000e+00
2.404800e+03, 5.000000e+00
2.406000e+03, 5.000000e+00
2.407200e+03, 5.000000e+00
2.408400e+03, 5.000000e+00
2.409600e+03, 5.000000e+00
2.410800e+03, 5.000000e+00
2.412000e+03, 5.000000e+00
2.413200e+03, 5.000000e+00
2.414400e+03, 5.000000e+00
2.415600e+03, 5.000000e+00
2.416800e+03, 5.000000e+00
2.418000e+03, 5.000000e+00
2.419200e+03, 5.000000e+00
2.420400e+03, 5.000000e+00
2.421600e+03, 5.000000e+00
2.422800e+03, 5.000000e+00
2.424000e+03, 5.000000e+00
2.425200e+03, 5.000000e+00
2.426400e+03, 5.000000e+00
2.427600e+03, 5.000000e+00
2.428800e+03, 5.000000e+00
2.430000e+03, 5.000000e+00
2.431200e+03, 5.000000e+00
2.432400e+03, 5.000000e+00
2.433600e+03, 5.000000e+00
2.434800e+03, 5.000000e+00
2.436000e+03, 5.000000e+00
2.437200e+03, 5.000000e+00
2.438400e+03, 5.000000e+00
2.439600e+03, 5.000000e+00
2.440800e+03, 5.000000e+00
2.442000e+03, 5.000000e+00
2.443200e+03, 5.000000e+00
2.444400e+03, 5.000000e+00
2.445600e+03, 5.000000e+00
2.446800e+03, 5.000000e+00
2.448000e+03, 5.000000e+00
2.449200e+03, 5.000000e+00
2.450400e+03, 5.000000e+00
2.451600e+03, 5.000000e+00
2.452800e+03, 5.000000e+00
2.454000e+03, 5.000000e+00
2.455200e+03, 5.000000e+00
2.456400e+03, 5.000000e+00
2.457600e+03, 5.000000e+00
2.458800e+03, 5.000000e+00
2.460000e+03, 5.000000e+00
2.461200e+03, 5.000000e+00
2.462400e+03, 5.000000e+00
2.463600e+03, 5.000000e+00
2.464800e+03, 5.000000e+00
2.466000e+03, 5.000000e+00
2.467200e+03, 5.000000e+00
2.468400e+03, 5.000000e+00
2.469600e+03, 5.000000e+00
2.470800e+03, 5.000000e+00
2.472000e+03, 5.000000e+00
2.473200e+03, 5.000000e+00
2.474400e+03, 5.000000e+00
2.475600e+03, 5.000000e+00
2.476800e+03, 5.000000e+00
2.478000e+03, 5.000000e+00
2.479200e+03, 5.000000e+00
2.480400e+03, 5.000000e+00
2.481600e+03, 5.000000e+00
2.482800e+03, 5.000000e+00
2.484000e+03, 5.000000e+00
2.485200e+03, 5.000000e+00
2.486400e+03, 5.000000e+00
2.487600e+03, 5.000000e+00
2.488800e+03, 5.000000e+00
2.490000e+03, 5.000000e+00
2.491200e+03, 5.000000e+00
2.492400e+03, 5.000000e+00
2.493600e+03, 5.000000e+00
2.494800e+03, 5.000000e+00
2.496000e+03, 5.000000e+00
2.497200e+03, 5.000000e+00
2.498400e+03, 5.000000e+00
2.499600e+03, 5.000000e+00
2.500800e+03, 5.000000e+00
2.502000e+03, 5.000000e+00
2.503200e+03, 5.000000e+00
2.504400e+03, 5.000000e+00
2.505600e+03, 5.000000e+00
2.506800e+03, 5.000000e+00
2.508000e+03, 5.000000e+00
2.509200e+03, 5.000000e+00
2.510400e+03, 5.000000e+00
2.511600e+03, 5.000000e+00
2.512800e+03, 5.000000e+00
2.514000e+03, 5.000000e+00
2.515200e+03, 5.000000e+00
2.516400e+03, 5.000000e+00
2.517600e+03, 5.000000e+00
2.518800e+03, 5.000000e+00
2.520000e+03, 5.000000e+00
2.521200e+03, 5.000000e+00
2.522400e+03, 5.000000e+00
2.523600e+03, 5.000000e+00
2.524800e+03, 5.000000e+00
2.526000e+03, 5.000000e+00
2.527200e+03, 5.000000e+00
2.528400e+03, 5.000000e+00
2.529600e+03, 5.000000e+00
2.530800e+03, 5.000000e+00
2.532000e+03, 5.000000e+00
2.533200e+03, 5.000000e+00
2.534400e+03, 5.000000e+00
2.535600e+03, 5.000000e+00
2.536800e+03, 5.000000e+00
2.538000e+03, 5.000000e+00
2.539200e+03, 5.000000e+00
2.540400e+03, 5.000000e+00
2.541600e+03, 5.000000e+00
2.542800e+03, 5.000000e+00
2.544000e+03, 5.000000e+00
2.545200e+03, 5.000000e+00
2.546400e+03, 5.000000e+00
2.547600e+03, 5.000000e+00
2.548800e+03, 5.000000e+00
2.550000e+03, 5.000000e+00
2.551200e+03, 5.000000e+00
2.552400e+03, 5.000000e+00
2.553600e+03, 5.000000e+00
2.554800e+03, 5.000000e+00
2.556000e+03, 5.000000e+00
2.557200e+03, 5.000000e+00
2.558400e+03, 5.000000e+00
2.559600e+03, 5.000000e+00
2.560800e+03, 5.000000e+00
2.562000e+03, 5.000000e+00
2.563200e+03, 5.000000e+00
2.564400e+03, 5.000000e+00
2.565600e+03, 5.000000e+00
2.566800e+03, 5.000000e+00
2.568000e+03, 5.000000e+00
2.569200e+03, 5.000000e+00
2.570400e+03, 5.000000e+00
2.571600e+03, 5.000000e+00
2.572800e+03, 5.000000e+00
2.574000e+03, 5.000000e+00
2.575200e+03, 5.000000e+00
2.576400e+03, 5.000000e+00
2.577600e+03, 5.000000e+00
2.578800e+03, 5.000000e+00
2.580000e+03, 5.000000e+00
2.581200e+03, 5.000000e+00
2.582400e+03, 5.000000e+00
2.583600e+03, 5.000000e+00
2.584800e+03, 5.000000e+00
2.586000e+03, 5.000000e+00
2.587200e+03, 5.000000e+00
2.588400e+03, 5.000000e+00
2.589600e+03, 5.000000e+00
2.590800e+03, 5.000000e+00
2.592000e+03, 5.000000e+00
2.593200e+03, 5.000000e+00
2.594400e+03, 5.000000e+00
2.595600e+03, 5.000000e+00
2.596800e+03, 5.000000e+00
2.598000e+03, 5.000000e+00
2.599200e+03, 5.000000e+00
2.600400e+03, 5.000000e+00
2.601600e+03, 5.000000e+00
2.602800e+03, 5.000000e+00
2.604000e+03, 5.000000e+00
2.605200e+03, 5.000000e+00
2.606400e+03, 5.000000e+00
2.607600e+03, 5.000000e+00
2.608800e+03, 5.000000e+00
2.610000e+03, 5.000000e+00
2.611200e+03, 5.000000e+00
2.612400e+03, 5.000000e+00
2.613600e+03, 5.000000e+00
2.614800e+03, 5.000000e+00
2.616000e+03, 5.000000e+00
2.617200e+03, 5.000000e+00
2.618400e+03, 5.000000e+00
2.619600e+03, 5.000000e+00
2.620800e+03, 5.000000e+00
2.622000e+03, 5.000000e+00
2.623200e+03, 5.000000e+00
2.624400e+03, 5.000000e+00
2.625600e+03, 5.000000e+00
2.626800e+03, 5.000000e+00
2.628000e+03, 5.000000e+00
2.629200e+03, 5.000000e+00
2.630400e+03, 5.000000e+00
2.631600e+03, 5.000000e+00
2.632800e+03, 5.000000e+00
2.634000e+03, 5.000000e+00
2.635200e+03, 5.000000e+00
2.636400e+03, 5.000000e+00
2.637600e+03, 5.000000e+00
2.638800e+03, 5.000000e+00
2.640000e+03, 5.000000e+00
2.641200e+03, 5.000000e+00
2.642400e+03, 5.000000e+00
2.643600e+03, 5.000000e+00
2.644800e+03, 5.000000e+00
2.646000e+03, 5.000000e+00
2.647200e+03, 5.000000e+00
2.648400e+03, 5.000000e+00
2.649600e+03, 5.000000e+00
2.650800e+03, 5.000000e+00
2.652000e+03, 5.000000e+00
2.653200e+03, 5.000000e+00
2.654400e+03, 5.000000e+00
2.655600e+03, 5.000000e+00
2.656800e+03, 5.000000e+00
2.658000e+03, 5.000000e+00
2.659200e+03, 5.000000e+00
2.660400e+03, 5.000000e+00
2.661600e+03, 5.000000e+00
2.662800e+03, 5.000000e+00
2.664000e+03, 5.000000e+00
2.665200e+03, 5.000000e+00
2.666400e+03, 5.000000e+00
2.667600e+03, 5.000000e+00
2.668800e+03, 5.000000e+00
2.670000e+03, 5.000000e+00
2.671200e+03, 5.000000e+00
2.672400e+03, 5.000000e+00
2.673600e+03, 5.000000e+00
2.674800e+03, 5.000000e+00
2.676000e+03, 5.000000e+00
2.677200e+03, 5.000000e+00
2.678400e+03, 5.000000e+00
2.679600e+03, 5.000000e+00
2.680800e+03, 5.000000e+00
2.682000e+03, 5.000000e+00
2.683200e+03, 5.000000e+00
2.684400e+03, 5.000000e+00
2.685600e+03, 5.000000e+00
2.686800e+03, 5.000000e+00
2.688000e+03, 5.000000e+00
2.689200e+03, 5.000000e+00
2.690400e+03, 5.000000e+00
2.691600e+03, 5.000000e+00
2.692800e+03, 5.000000e+00
2.694000e+03, 5.000000e+00
2.695200e+03, 5.000000e+00
2.696400e+03, 5.000000e+00
2.697600e+03, 5.000000e+00
2.698800e+03, 5.000000e+00
2.700000e+03, 5.000000e+00
2.701200e+03, 5.000000e+00
2.702400e+03, 5.000000e+00
2.703600e+03, 5.000000e+00
2.704800e+03, 5.000000e+00
2.706000e+03, 5.000000e+00
2.707200e+03, 5.000000e+00
2.708400e+03, 5.000000e+00
2.709600e+03, 5.000000e+00
2.710800e+03, 5.000000e+00
2.712000e+03, 5.000000e+00
2.713200e+03, 5.000000e+00
2.714400e+03, 5.000000e+00
2.715600e+03, 5.000000e+00
2.716800e+03, 5.000000e+00
2.718000e+03, 5.000000e+00
2.719200e+03, 5.000000e+00
2.720400e+03, 5.000000e+00
2.721600e+03, 5.000000e+00
2.722800e+03, 5.000000e+00
2.724000e+03, 5.000000e+00
2.725200e+03, 5.000000e+00
2.726400e+03, 5.000000e+00
2.727600e+03, 5.000000e+00
2.728800e+03, 5.000000e+00
2.730000e+03, 5.000000e+00
2.731200e+03, 5.000000e+00
2.732400e+03, 5.000000e+00
2.733600e+03, 5.000000e+00
2.734800e+03, 5.000000e+00
2.736000e+03, 5.000000e+00
2.737200e+03, 5.000000e+00
2.738400e+03, 5.000000e+00
2.739600e+03, 5.000000e+00
2.740800e+03, 5.000000e+00
2.742000e+03, 5.000000e+00
2.743200e+03, 5.000000e+00
2.744400e+03, 5.000000e+00
2.745600e+03, 5.000000e+00
2.746800e+03, 5.000000e+00
2.748000e+03, 5.000000e+00
2.749200e+03, 5.000000e+00
2.750400e+03, 5.000000e+00
2.751600e+03, 5.000000e+00
2.752800e+03, 5.000000e+00
2.754000e+03, 5.000000e+00
2.755200e+03, 5.000000e+00
2.756400e+03, 5.000000e+00
2.757600e+03, 5.000000e+00
2.758800e+03, 5.000000e+00
2.760000e+03, 5.000000e+00
2.761200e+03, 5.000000e+00
2.762400e+03, 5.000000e+00
2.763600e+03, 5.000000e+00
2.764800e+03, 5.000000e+00
2.766000e+03, 5.000000e+00
2.767200e+03, 5.000000e+00
2.768400e+03, 5.000000e+00
2.769600e+03, 5.000000e+00
2.770800e+03, 5.000000e+00
2.772000e+03, 5.000000e+00
2.773200e+03, 5.000000e+00
2.774400e+03, 5.000000e+00
2.775600e+03, 5.000000e+00
2.776800e+03, 5.000000e+00
2.778000e+03, 5.000000e+00
2.779200e+03, 5.000000e+00
2.780400e+03, 5.000000e+00
2.781600e+03, 5.000000e+00
2.782800e+03, 5.000000e+00
2.784000e+03, 5.000000e+00
2.785200e+03, 5.000000e+00
2.786400e+03, 5.000000e+00
2.787600e+03, 5.000000e+00
2.788800e+03, 5.000000e+00
2.790000e+03, 5.000000e+00
2.791200e+03, 5.000000e+00
2.792400e+03, 5.000000e+00
2.793600e+03, 5.000000e+00
2.794800e+03, 5.000000e+00
2.796000e+03, 5.000000e+00
2.797200e+03, 5.000000e+00
2.798400e+03, 5.000000e+00
2.799600e+03, 5.000000e+00
2.800800e+03, 5.000000e+00
2.802000e+03, 5.000000e+00
2.803200e+03, 5.000000e+00
2.804400e+03, 5.000000e+00
2.805600e+03, 5.000000e+00
2.806800e+03, 5.000000e+00
2.808000e+03, 5.000000e+00
2.809200e+03, 5.000000e+00
2.810400e+03, 5.000000e+00
2.811600e+03, 5.000000e+00
2.812800e+03, 5.000000e+00
2.814000e+03, 5.000000e+00
2.815200e+03, 5.000000e+00
2.816400e+03, 5.000000e+00
2.817600e+03, 5.000000e+00
2.818800e+03, 5.000000e+00
2.820000e+03, 5.000000e+00
2.821200e+03, 5.000000e+00
2.822400e+03, 5.000000e+00
2.823600e+03, 5.000000e+00
2.824800e+03, 5.000000e+00
2.826000e+03, 5.000000e+00
2.827200e+03, 5.000000e+00
2.828400e+03, 5.000000e+00
2.829600e+03, 5.000000e+00
2.830800e+03, 5.000000e+00
2.832000e+03, 5.000000e+00
2.833200e+03, 5.000000e+00
2.834400e+03, 5.000000e+00
2.835600e+03, 5.000000e+00
2.836800e+03, 5.000000e+00
2.838000e+03, 5.000000e+00
2.839200e+03, 5.000000e+00
2.840400e+03, 5.000000e+00
2.841600e+03, 5.000000e+00
2.842800e+03, 5.000000e+00
2.844000e+03, 5.000000e+00
2.845200e+03, 5.000000e+00
2.846400e+03, 5.000000e+00
2.847600e+03, 5.000000e+00
2.848800e+03, 5.000000e+00
2.850000e+03, 5.000000e+00
2.851200e+03, 5.000000e+00
2.852400e+03, 5.000000e+00
2.853600e+03, 5.000000e+00
2.854800e+03, 5.000000e+00
2.856000e+03, 5.000000e+00
2.857200e+03, 5.000000e+00
2.858400e+03, 5.000000e+00
2.859600e+03, 5.000000e+00
2.860800e+03, 5.000000e+00
2.862000e+03, 5.000000e+00
2.863200e+03, 5.000000e+00
2.864400e+03, 5.000000e+00
2.865600e+03, 5.000000e+00
2.866800e+03, 5.000000e+00
2.868000e+03, 5.000000e+00
2.869200e+03, 5.000000e+00
2.870400e+03, 5.000000e+00
2.871600e+03, 5.000000e+00
2.872800e+03, 5.000000e+00
2.874000e+03, 5.000000e+00
2.875200e+03, 5.000000e+00
2.876400e+03, 5.000000e+00
2.877600e+03, 5.000000e+00
2.878800e+03, 5.000000e+00
2.880000e+03, 5.000000e+00
2.881200e+03, 5.000000e+00
2.882400e+03, 5.000000e+00
2.883600e+03, 5.000000e+00
2.884800e+03, 5.000000e+00
2.886000e+03, 5.000000e+00
2.887200e+03, 5.000000e+00
2.888400e+03, 5.000000e+00
2.889600e+03, 5.000000e+00
2.890800e+03, 5.000000e+00
2.892000e+03, 5.000000e+00
2.893200e+03, 5.000000e+00
2.894400e+03, 5.000000e+00
2.895600e+03, 5.000000e+00
2.896800e+03, 5.000000e+00
2.898000e+03, 5.000000e+00
2.899200e+03, 5.000000e+00
2.900400e+03, 5.000000e+00
2.901600e+03, 5.000000e+00
2.902800e+03, 5.000000e+00
2.904000e+03, 5.000000e+00
2.905200e+03, 5.000000e+00
2.906400e+03, 5.000000e+00
2.907600e+03, 5.000000e+00
2.908800e+03, 5.000000e+00
2.910000e+03, 5.000000e+00
2.911200e+03, 5.000000e+00
2.912400e+03, 5.000000e+00
2.913600e+03, 5.000000e+00
2.914800e+03, 5.000000e+00
2.916000e+03, 5.000000e+00
2.917200e+03, 5.000000e+00
2.918400e+03, 5.000000e+00
2.919600e+03, 5.000000e+00
2.920800e+03, 5.000000e+00
2.922000e+03, 5.000000e+00
2.923200e+03, 5.000000e+00
2.924400e+03, 5.000000e+00
2.925600e+03, 5.000000e+00
2.926800e+03, 5.000000e+00
2.928000e+03, 5.000000e+00
2.929200e+03, 5.000000e+00
2.930400e+03, 5.000000e+00
2.931600e+03, 5.000000e+00
2.932800e+03, 5.000000e+00
2.934000e+03, 5.000000e+00
2.935200e+03, 5.000000e+00
2.936400e+03, 5.000000e+00
2.937600e+03, 5.000000e+00
2.938800e+03, 5.000000e+00
2.940000e+03, 5.000000e+00
2.941200e+03, 5.000000e+00
2.942400e+03, 5.000000e+00
2.943600e+03, 5.000000e+00
2.944800e+03, 5.000000e+00
2.946000e+03, 5.000000e+00
2.947200e+03, 5.000000e+00
2.948400e+03, 5.000000e+00
2.949600e+03, 5.000000e+00
2.950800e+03, 5.000000e+00
2.952000e+03, 5.000000e+00
2.953200e+03, 5.000000e+00
2.954400e+03, 5.000000e+00
2.955600e+03, 5.000000e+00
2.956800e+03, 5.000000e+00
2.958000e+03, 5.000000e+00
2.959200e+03, 5.000000e+00
2.960400e+03, 5.000000e+00
2.961600e+03, 5.000000e+00
2.962800e+03, 5.000000e+00
2.964000e+03, 5.000000e+00
2.965200e+03, 5.000000e+00
2.966400e+03, 5.000000e+00
2.967600e+03, 5.000000e+00
2.968800e+03, 5.000000e+00
2.970000e+03, 5.000000e+00
2.971200e+03, 5.000000e+00
2.972400e+03, 5.000000e+00
2.973600e+03, 5.000000e+00
2.974800e+03, 5.000000e+00
2.976000e+03, 5.000000e+00
2.977200e+03, 5.000000e+00
2.978400e+03, 5.000000e+00
2.979600e+03, 5.000000e+00
2.980800e+03, 5.000000e+00
2.982000e+03, 5.000000e+00
2.983200e+03, 5.000000e+00
2.984400e+03, 5.000000e+00
2.985600e+03, 5.000000e+00
2.986800e+03, 5.000000e+00
2.988000e+03, 5.000000e+00
2.989200e+03, 5.000000e+00
2.990400e+03, 5.000000e+00
2.991600e+03, 5.000000e+00
2.992800e+03, 5.000000e+00
2.994000e+03, 5.000000e+00
2.995200e+03, 5.000000e+00
2.996400e+03, 5.000000e+00
2.997600e+03, 5.000000e+00
2.998800e+03, 5.000000e+00
3.000000e+03, 5.000000e+00
3.001200e+03, 5.000000e+00
3.002400e+03, 5.000000e+00
3.003600e+03, 5.000000e+00
3.004800e+03, 5.000000e+00
3.006000e+03, 5.000000e+00
3.007200e+03, 5.000000e+00
3.008400e+03, 5.000000e+00
3.009600e+03, 5.000000e+00
3.010800e+03, 5.000000e+00
3.012000e+03, 5.000000e+00
3.013200e+03, 5.000000e+00
3.014400e+03, 5.000000e+00
3.015600e+03, 5.000000e+00
3.016800e+03, 5.000000e+00
3.018000e+03, 5.000000e+00
3.019200e+03, 5.000000e+00
3.020400e+03, 5.000000e+00
3.021600e+03, 5.000000e+00
3.022800e+03, 5.000000e+00
3.024000e+03, 5.000000e+00
3.025200e+03, 5.000000e+00
3.026400e+03, 5.000000e+00
3.027600e+03, 5.000000e+00
3.028800e+03, 5.000000e+00
3.030000e+03, 5.000000e+00
3.031200e+03, 5.000000e+00
3.032400e+03, 5.000000e+00
3.033600e+03, 5.000000e+00
3.034800e+03, 5.000000e+00
3.036000e+03, 5.000000e+00
3.037200e+03, 5.000000e+00
3.038400e+03, 5.000000e+00
3.039600e+03, 5.000000e+00
3.040800e+03, 5.000000e+00
3.042000e+03, 5.000000e+00
3.043200e+03, 5.000000e+00
3.044400e+03, 5.000000e+00
3.045600e+03, 5.000000e+00
3.046800e+03, 5.000000e+00
3.048000e+03, 5.000000e+00
3.049200e+03, 5.000000e+00
3.050400e+03, 5.000000e+00
3.051600e+03, 5.000000e+00
3.052800e+03, 5.000000e+00
3.054000e+03, 5.000000e+00
3.055200e+03, 5.000000e+00
3.056400e+03, 5.000000e+00
3.057600e+03, 5.000000e+00
3.058800e+03, 5.000000e+00
3.060000e+03, 5.000000e+00
3.061200e+03, 5.000000e+00
3.062400e+03, 5.000000e+00
3.063600e+03, 5.000000e+00
3.064800e+03, 5.000000e+00
3.066000e+03, 5.000000e+00
3.067200e+03, 5.000000e+00
3.068400e+03, 5.000000e+00
3.069600e+03, 5.000000e+00
3.070800e+03, 5.000000e+00
3.072000e+03, 5.000000e+00
3.073200e+03, 5.000000e+00
3.074400e+03, 5.000000e+00
3.075600e+03, 5.000000e+00
3.076800e+03, 5.000000e+00
3.078000e+03, 5.000000e+00
3.079200e+03, 5.000000e+00
3.080400e+03, 5.000000e+00
3.081600e+03, 5.000000e+00
3.082800e+03, 5.000000e+00
3.084000e+03, 5.000000e+00
3.085200e+03, 5.000000e+00
3.086400e+03, 5.000000e+00
3.087600e+03, 5.000000e+00
3.088800e+03, 5.000000e+00
3.090000e+03, 5.000000e+00
3.091200e+03, 5.000000e+00
3.092400e+03, 5.000000e+00
3.093600e+03, 5.000000e+00
3.094800e+03, 5.000000e+00
3.096000e+03, 5.000000e+00
3.097200e+03, 5.000000e+00
3.098400e+03, 5.000000e+00
3.099600e+03, 5.000000e+00
3.100800e+03, 5.000000e+00
3.102000e+03, 5.000000e+00
3.103200e+03, 5.000000e+00
3.104400e+03, 5.000000e+00
3.105600e+03, 5.000000e+00
3.106800e+03, 5.000000e+00
3.108000e+03, 5.000000e+00
3.109200e+03, 5.000000e+00
3.110400e+03, 5.000000e+00
3.111600e+03, 5.000000e+00
3.112800e+03, 5.000000e+00
3.114000e+03, 5.000000e+00
3.115200e+03, 5.000000e+00
3.116400e+03, 5.000000e+00
3.117600e+03, 5.000000e+00
3.118800e+03, 5.000000e+00
3.120000e+03, 5.000000e+00
3.121200e+03, 5.000000e+00
3.122400e+03, 5.000000e+00
3.123600e+03, 5.000000e+00
3.124800e+03, 5.000000e+00
3.126000e+03, 5.000000e+00
3.127200e+03, 5.000000e+00
3.128400e+03, 5.000000e+00
3.129600e+03, 5.000000e+00
3.130800e+03, 5.000000e+00
3.132000e+03, 5.000000e+00
3.133200e+03, 5.000000e+00
3.134400e+03, 5.000000e+00
3.135600e+03, 5.000000e+00
3.136800e+03, 5.000000e+00
3.138000e+03, 5.000000e+00
3.139200e+03, 5.000000e+00
3.140400e+03, 5.000000e+00
3.141600e+03, 5.000000e+00
3.142800e+03, 5.000000e+00
3.144000e+03, 5.000000e+00
3.145200e+03, 5.000000e+00
3.146400e+03, 5.000000e+00
3.147600e+03, 5.000000e+00
3.148800e+03, 5.000000e+00
3.150000e+03, 5.000000e+00
3.151200e+03, 5.000000e+00
3.152400e+03, 5.000000e+00
3.153600e+03, 5.000000e+00
3.154800e+03, 5.000000e+00
3.156000e+03, 5.000000e+00
3.157200e+03, 5.000000e+00
3.158400e+03, 5.000000e+00
3.159600e+03, 5.000000e+00
3.160800e+03, 5.000000e+00
3.162000e+03, 5.000000e+00
3.163200e+03, 5.000000e+00
3.164400e+03, 5.000000e+00
3.165600e+03, 5.000000e+00
3.166800e+03, 5.000000e+00
3.168000e+03, 5.000000e+00
3.169200e+03, 5.000000e+00
3.170400e+03, 5.000000e+00
3.171600e+03, 5.000000e+00
3.172800e+03, 5.000000e+00
3.174000e+03, 5.000000e+00
3.175200e+03, 5.000000e+00
3.176400e+03, 5.000000e+00
3.177600e+03, 5.000000e+00
3.178800e+03, 5.000000e+00
3.180000e+03, 5.000000e+00
3.181200e+03, 5.000000e+00
3.182400e+03, 5.000000e+00
3.183600e+03, 5.000000e+00
3.184800e+03, 5.000000e+00
3.186000e+03, 5.000000e+00
3.187200e+03, 5.000000e+00
3.188400e+03, 5.000000e+00
3.189600e+03, 5.000000e+00
3.190800e+03, 5.000000e+00
3.192000e+03, 5.000000e+00
3.193200e+03, 5.000000e+00
3.194400e+03, 5.000000e+00
3.195600e+03, 5.000000e+00
3.196800e+03, 5.000000e+00
3.198000e+03, 5.000000e+00
3.199200e+03, 5.000000e+00
3.200400e+03, 5.000000e+00
3.201600e+03, 5.000000e+00
3.202800e+03, 5.000000e+00
3.204000e+03, 5.000000e+00
3.205200e+03, 5.000000e+00
3.206400e+03, 5.000000e+00
3.207600e+03, 5.000000e+00
3.208800e+03, 5.000000e+00
3.210000e+03, 5.000000e+00
3.211200e+03, 5.000000e+00
3.212400e+03, 5.000000e+00
3.213600e+03, 5.000000e+00
3.214800e+03, 5.000000e+00
3.216000e+03, 5.000000e+00
3.217200e+03, 5.000000e+00
3.218400e+03, 5.000000e+00
3.219600e+03, 5.000000e+00
3.220800e+03, 5.000000e+00
3.222000e+03, 5.000000e+00
3.223200e+03, 5.000000e+00
3.224400e+03, 5.000000e+00
3.225600e+03, 5.000000e+00
3.226800e+03, 5.000000e+00
3.228000e+03, 5.000000e+00
3.229200e+03, 5.000000e+00
3.230400e+03, 5.000000e+00
3.231600e+03, 5.000000e+00
3.232800e+03, 5.000000e+00
3.234000e+03, 5.000000e+00
3.235200e+03, 5.000000e+00
3.236400e+03, 5.000000e+00
3.237600e+03, 5.000000e+00
3.238800e+03, 5.000000e+00
3.240000e+03, 5.000000e+00
3.241200e+03, 5.000000e+00
3.242400e+03, 5.000000e+00
3.243600e+03, 5.000000e+00
3.244800e+03, 5.000000e+00
3.246000e+03, 5.000000e+00
3.247200e+03, 5.000000e+00
3.248400e+03, 5.000000e+00
3.249600e+03, 5.000000e+00
3.250800e+03, 5.000000e+00
3.252000e+03, 5.000000e+00
3.253200e+03, 5.000000e+00
3.254400e+03, 5.000000e+00
3.255600e+03, 5.000000e+00
3.256800e+03, 5.000000e+00
3.258000e+03, 5.000000e+00
3.259200e+03, 5.000000e+00
3.260400e+03, 5.000000e+00
3.261600e+03, 5.000000e+00
3.262800e+03, 5.000000e+00
3.264000e+03, 5.000000e+00
3.265200e+03, 5.000000e+00
3.266400e+03, 5.000000e+00
3.267600e+03, 5.000000e+00
3.268800e+03, 5.000000e+00
3.270000e+03, 5.000000e+00
3.271200e+03, 5.000000e+00
3.272400e+03, 5.000000e+00
3.273600e+03, 5.000000e+00
3.274800e+03, 5.000000e+00
3.276000e+03, 5.000000e+00
3.277200e+03, 5.000000e+00
3.278400e+03, 5.000000e+00
3.279600e+03, 5.000000e+00
3.280800e+03, 5.000000e+00
3.282000e+03, 5.000000e+00
3.283200e+03, 5.000000e+00
3.284400e+03, 5.000000e+00
3.285600e+03, 5.000000e+00
3.286800e+03, 5.000000e+00
3.288000e+03, 5.000000e+00
3.289200e+03, 5.000000e+00
3.290400e+03, 5.000000e+00
3.291600e+03, 5.000000e+00
3.292800e+03, 5.000000e+00
3.294000e+03, 5.000000e+00
3.295200e+03, 5.000000e+00
3.296400e+03, 5.000000e+00
3.297600e+03, 5.000000e+00
3.298800e+03, 5.000000e+00
3.300000e+03, 5.000000e+00
3.301200e+03, 5.000000e+00
3.302400e+03, 5.000000e+00
3.303600e+03, 5.000000e+00
3.304800e+03, 5.000000e+00
3.306000e+03, 5.000000e+00
3.307200e+03, 5.000000e+00
3.308400e+03, 5.000000e+00
3.309600e+03, 5.000000e+00
3.310800e+03, 5.000000e+00
3.312000e+03, 5.000000e+00
3.313200e+03, 5.000000e+00
3.314400e+03, 5.000000e+00
3.315600e+03, 5.000000e+00
3.316800e+03, 5.000000e+00
3.318000e+03, 5.000000e+00
3.319200e+03, 5.000000e+00
3.320400e+03, 5.000000e+00
3.321600e+03, 5.000000e+00
3.322800e+03, 5.000000e+00
3.324000e+03, 5.000000e+00
3.325200e+03, 5.000000e+00
3.326400e+03, 5.000000e+00
3.327600e+03, 5.000000e+00
3.328800e+03, 5.000000e+00
3.330000e+03, 5.000000e+00
3.331200e+03, 5.000000e+00
3.332400e+03, 5.000000e+00
3.333600e+03, 5.000000e+00
3.334800e+03, 5.000000e+00
3.336000e+03, 5.000000e+00
3.337200e+03, 5.000000e+00
3.338400e+03, 5.000000e+00
3.339600e+03, 5.000000e+00
3.340800e+03, 5.000000e+00
3.342000e+03, 5.000000e+00
3.343200e+03, 5.000000e+00
3.344400e+03, 5.000000e+00
3.345600e+03, 5.000000e+00
3.346800e+03, 5.000000e+00
3.348000e+03, 5.000000e+00
3.349200e+03, 5.000000e+00
3.350400e+03, 5.000000e+00
3.351600e+03, 5.000000e+00
3.352800e+03, 5.000000e+00
3.354000e+03, 5.000000e+00
3.355200e+03, 5.000000e+00
3.356400e+03, 5.000000e+00
3.357600e+03, 5.000000e+00
3.358800e+03, 5.000000e+00
3.360000e+03, 5.000000e+00
3.361200e+03, 5.000000e+00
3.362400e+03, 5.000000e+00
3.363600e+03, 5.000000e+00
3.364800e+03, 5.000000e+00
3.366000e+03, 5.000000e+00
3.367200e+03, 5.000000e+00
3.368400e+03, 5.000000e+00
3.369600e+03, 5.000000e+00
3.370800e+03, 5.000000e+00
3.372000e+03, 5.000000e+00
3.373200e+03, 5.000000e+00
3.374400e+03, 5.000000e+00
3.375600e+03, 5.000000e+00
3.376800e+03, 5.000000e+00
3.378000e+03, 5.000000e+00
3.379200e+03, 5.000000e+00
3.380400e+03, 5.000000e+00
3.381600e+03, 5.000000e+00
3.382800e+03, 5.000000e+00
3.384000e+03, 5.000000e+00
3.385200e+03, 5.000000e+00
3.386400e+03, 5.000000e+00
3.387600e+03, 5.000000e+00
3.388800e+03, 5.000000e+00
3.390000e+03, 5.000000e+00
3.391200e+03, 5.000000e+00
3.392400e+03, 5.000000e+00
3.393600e+03, 5.000000e+00
3.394800e+03, 5.000000e+00
3.396000e+03, 5.000000e+00
3.397200e+03, 5.000000e+00
3.398400e+03, 5.000000e+00
3.399600e+03, 5.000000e+00
3.400800e+03, 5.000000e+00
3.402000e+03, 5.000000e+00
3.403200e+03, 5.000000e+00
3.404400e+03, 5.000000e+00
3.405600e+03, 5.000000e+00
3.406800e+03, 5.000000e+00
3.408000e+03, 5.000000e+00
3.409200e+03, 5.000000e+00
3.410400e+03, 5.000000e+00
3.411600e+03, 5.000000e+00
3.412800e+03, 5.000000e+00
3.414000e+03, 5.000000e+00
3.415200e+03, 5.000000e+00
3.416400e+03, 5.000000e+00
3.417600e+03, 5.000000e+00
3.418800e+03, 5.000000e+00
3.420000e+03, 5.000000e+00
3.421200e+03, 5.000000e+00
3.422400e+03, 5.000000e+00
3.423600e+03, 5.000000e+00
3.424800e+03, 5.000000e+00
3.426000e+03, 5.000000e+00
3.427200e+03, 5.000000e+00
3.428400e+03, 5.000000e+00
3.429600e+03, 5.000000e+00
3.430800e+03, 5.000000e+00
3.432000e+03, 5.000000e+00
3.433200e+03, 5.000000e+00
3.434400e+03, 5.000000e+00
3.435600e+03, 5.000000e+00
3.436800e+03, 5.000000e+00
3.438000e+03, 5.000000e+00
3.439200e+03, 5.000000e+00
3.440400e+03, 5.000000e+00
3.441600e+03, 5.000000e+00
3.442800e+03, 5.000000e+00
3.444000e+03, 5.000000e+00
3.445200e+03, 5.000000e+00
3.446400e+03, 5.000000e+00
3.447600e+03, 5.000000e+00
3.448800e+03, 5.000000e+00
3.450000e+03, 5.000000e+00
3.451200e+03, 5.000000e+00
3.452400e+03, 5.000000e+00
3.453600e+03, 5.000000e+00
3.454800e+03, 5.000000e+00
3.456000e+03, 5.000000e+00
3.457200e+03, 5.000000e+00
3.458400e+03, 5.000000e+00
3.459600e+03, 5.000000e+00
3.460800e+03, 5.000000e+00
3.462000e+03, 5.000000e+00
3.463200e+03, 5.000000e+00
3.464400e+03, 5.000000e+00
3.465600e+03, 5.000000e+00
3.466800e+03, 5.000000e+00
3.468000e+03, 5.000000e+00
3.469200e+03, 5.000000e+00
3.470400e+03, 5.000000e+00
3.471600e+03, 5.000000e+00
3.472800e+03, 5.000000e+00
3.474000e+03, 5.000000e+00
3.475200e+03, 5.000000e+00
3.476400e+03, 5.000000e+00
3.477600e+03, 5.000000e+00
3.478800e+03, 5.000000e+00
3.480000e+03, 5.000000e+00
3.481200e+03, 5.000000e+00
3.482400e+03, 5.000000e+00
3.483600e+03, 5.000000e+00
3.484800e+03, 5.000000e+00
3.486000e+03, 5.000000e+00
3.487200e+03, 5.000000e+00
3.488400e+03, 5.000000e+00
3.489600e+03, 5.000000e+00
3.490800e+03, 5.000000e+00
3.492000e+03, 5.000000e+00
3.493200e+03, 5.000000e+00
3.494400e+03, 5.000000e+00
3.495600e+03, 5.000000e+00
3.496800e+03, 5.000000e+00
3.498000e+03, 5.000000e+00
3.499200e+03, 5.000000e+00
3.500400e+03, 5.000000e+00
3.501600e+03, 5.000000e+00
3.502800e+03, 5.000000e+00
3.504000e+03, 5.000000e+00
3.505200e+03, 5.000000e+00
3.506400e+03, 5.000000e+00
3.507600e+03, 5.000000e+00
3.508800e+03, 5.000000e+00
3.510000e+03, 5.000000e+00
3.511200e+03, 5.000000e+00
3.512400e+03, 5.000000e+00
3.513600e+03, 5.000000e+00
3.514800e+03, 5.000000e+00
3.516000e+03, 5.000000e+00
3.517200e+03, 5.000000e+00
3.518400e+03, 5.000000e+00
3.519600e+03, 5.000000e+00
3.520800e+03, 5.000000e+00
3.522000e+03, 5.000000e+00
3.523200e+03, 5.000000e+00
3.524400e+03, 5.000000e+00
3.525600e+03, 5.000000e+00
3.526800e+03, 5.000000e+00
3.528000e+03, 5.000000e+00
3.529200e+03, 5.000000e+00
3.530400e+03, 5.000000e+00
3.531600e+03, 5.000000e+00
3.532800e+03, 5.000000e+00
3.534000e+03, 5.000000e+00
3.535200e+03, 5.000000e+00
3.536400e+03, 5.000000e+00
3.537600e+03, 5.000000e+00
3.538800e+03, 5.000000e+00
3.540000e+03, 5.000000e+00
3.541200e+03, 5.000000e+00
3.542400e+03, 5.000000e+00
3.543600e+03, 5.000000e+00
3.544800e+03, 5.000000e+00
3.546000e+03, 5.000000e+00
3.547200e+03, 5.000000e+00
3.548400e+03, 5.000000e+00
3.549600e+03, 5.000000e+00
3.550800e+03, 5.000000e+00
3.552000e+03, 5.000000e+00
3.553200e+03, 5.000000e+00
3.554400e+03, 5.000000e+00
3.555600e+03, 5.000000e+00
3.556800e+03, 5.000000e+00
3.558000e+03, 5.000000e+00
3.559200e+03, 5.000000e+00
3.560400e+03, 5.000000e+00
3.561600e+03, 5.000000e+00
3.562800e+03, 5.000000e+00
3.564000e+03, 5.000000e+00
3.565200e+03, 5.000000e+00
3.566400e+03, 5.000000e+00
3.567600e+03, 5.000000e+00
3.568800e+03, 5.000000e+00
3.569053e+03, 5.000000e+00
