time,current
0.000000e+00, 0.000000e+00
6.000000e-01, 0.000000e+00
1.200000e+00, 0.000000e+00
1.800000e+00, 1.500000e+01
2.400000e+00, 1.500000e+01
3.000000e+00, 1.500000e+01
3.600000e+00, 1.500000e+01
4.200000e+00, 1.500000e+01
4.800000e+00, 1.500000e+01
5.400000e+00, 1.500000e+01
6.000000e+00, 1.500000e+01
6.600000e+00, 1.500000e+01
7.200000e+00, 1.500000e+01
7.800000e+00, 1.500000e+01
8.400000e+00, 1.500000e+01
9.000000e+00, 1.500000e+01
9.600000e+00, 1.500000e+01
1.020000e+01, 1.500000e+01
1.080000e+01, 1.500000e+01
1.140000e+01, 1.500000e+01
1.200000e+01, 1.500000e+01
1.260000e+01, 1.500000e+01
1.320000e+01, 1.500000e+01
1.380000e+01, 1.500000e+01
1.440000e+01, 1.500000e+01
1.500000e+01, 1.500000e+01
1.560000e+01, 1.500000e+01
1.620000e+01, 1.500000e+01
1.680000e+01, 1.500000e+01
1.740000e+01, 1.500000e+01
1.800000e+01, 1.500000e+01
1.860000e+01, 1.500000e+01
1.920000e+01, 1.500000e+01
1.980000e+01, 1.500000e+01
2.040000e+01, 1.500000e+01
2.100000e+01, 1.500000e+01
2.160000e+01, 1.500000e+01
2.220000e+01, 1.500000e+01
2.280000e+01, 1.500000e+01
2.340000e+01, 1.500000e+01
2.400000e+01, 1.500000e+01
2.460000e+01, 1.500000e+01
2.520000e+01, 1.500000e+01
2.580000e+01, 1.500000e+01
2.640000e+01, 1.500000e+01
2.700000e+01, 1.500000e+01
2.760000e+01, 1.500000e+01
2.820000e+01, 1.500000e+01
2.880000e+01, 1.500000e+01
2.940000e+01, 1.500000e+01
3.000000e+01, 1.500000e+01
3.060000e+01, 1.500000e+01
3.120000e+01, 1.500000e+01
3.180000e+01, 1.500000e+01
3.240000e+01, 1.500000e+01
3.300000e+01, 1.500000e+01
3.360000e+01, 1.500000e+01
3.420000e+01, 1.500000e+01
3.480000e+01, 1.500000e+01
3.540000e+01, 1.500000e+01
3.600000e+01, 1.500000e+01
3.660000e+01, 1.500000e+01
3.720000e+01, 1.500000e+01
3.780000e+01, 1.500000e+01
3.840000e+01, 1.500000e+01
3.900000e+01, 1.500000e+01
3.960000e+01, 1.500000e+01
4.020000e+01, 1.500000e+01
4.080000e+01, 1.500000e+01
4.140000e+01, 1.500000e+01
4.200000e+01, 1.500000e+01
4.260000e+01, 1.500000e+01
4.320000e+01, 1.500000e+01
4.380000e+01, 1.500000e+01
4.440000e+01, 1.500000e+01
4.500000e+01, 1.500000e+01
4.560000e+01, 1.500000e+01
4.620000e+01, 1.500000e+01
4.680000e+01, 1.500000e+01
4.740000e+01, 1.500000e+01
4.800000e+01, 1.500000e+01
4.860000e+01, 1.500000e+01
4.920000e+01, 1.500000e+01
4.980000e+01, 1.500000e+01
5.040000e+01, 1.500000e+01
5.100000e+01, 1.500000e+01
5.160000e+01, 1.500000e+01
5.220000e+01, 1.500000e+01
5.280000e+01, 1.500000e+01
5.340000e+01, 1.500000e+01
5.400000e+01, 1.500000e+01
5.460000e+01, 1.500000e+01
5.520000e+01, 1.500000e+01
5.580000e+01, 1.500000e+01
5.640000e+01, 1.500000e+01
5.700000e+01, 1.500000e+01
5.760000e+01, 1.500000e+01
5.820000e+01, 1.500000e+01
5.880000e+01, 1.500000e+01
5.940000e+01, 1.500000e+01
6.000000e+01, 1.500000e+01
6.060000e+01, 1.500000e+01
6.120000e+01, 1.500000e+01
6.180000e+01, 1.500000e+01
6.240000e+01, 1.500000e+01
6.300000e+01, 1.500000e+01
6.360000e+01, 1.500000e+01
6.420000e+01, 1.500000e+01
6.480000e+01, 1.500000e+01
6.540000e+01, 1.500000e+01
6.600000e+01, 1.500000e+01
6.660000e+01, 1.500000e+01
6.720000e+01, 1.500000e+01
6.780000e+01, 1.500000e+01
6.840000e+01, 1.500000e+01
6.900000e+01, 1.500000e+01
6.960000e+01, 1.500000e+01
7.020000e+01, 1.500000e+01
7.080000e+01, 1.500000e+01
7.140000e+01, 1.500000e+01
7.200000e+01, 1.500000e+01
7.260000e+01, 1.500000e+01
7.320000e+01, 1.500000e+01
7.380000e+01, 1.500000e+01
7.440000e+01, 1.500000e+01
7.500000e+01, 1.500000e+01
7.560000e+01, 1.500000e+01
7.620000e+01, 1.500000e+01
7.680000e+01, 1.500000e+01
7.740000e+01, 1.500000e+01
7.800000e+01, 1.500000e+01
7.860000e+01, 1.500000e+01
7.920000e+01, 1.500000e+01
7.980000e+01, 1.500000e+01
8.040000e+01, 1.500000e+01
8.100000e+01, 1.500000e+01
8.160000e+01, 1.500000e+01
8.220000e+01, 1.500000e+01
8.280000e+01, 1.500000e+01
8.340000e+01, 1.500000e+01
8.400000e+01, 1.500000e+01
8.460000e+01, 1.500000e+01
8.520000e+01, 1.500000e+01
8.580000e+01, 1.500000e+01
8.640000e+01, 1.500000e+01
8.700000e+01, 1.500000e+01
8.760000e+01, 1.500000e+01
8.820000e+01, 1.500000e+01
8.880000e+01, 1.500000e+01
8.940000e+01, 1.500000e+01
9.000000e+01, 1.500000e+01
9.060000e+01, 1.500000e+01
9.120000e+01, 1.500000e+01
9.180000e+01, 1.500000e+01
9.240000e+01, 1.500000e+01
9.300000e+01, 1.500000e+01
9.360000e+01, 1.500000e+01
9.420000e+01, 1.500000e+01
9.480000e+01, 1.500000e+01
9.540000e+01, 1.500000e+01
9.600000e+01, 1.500000e+01
9.660000e+01, 1.500000e+01
9.720000e+01, 1.500000e+01
9.780000e+01, 1.500000e+01
9.840000e+01, 1.500000e+01
9.900000e+01, 1.500000e+01
9.960000e+01, 1.500000e+01
1.002000e+02, 1.500000e+01
1.008000e+02, 1.500000e+01
1.014000e+02, 1.500000e+01
1.020000e+02, 1.500000e+01
1.026000e+02, 1.500000e+01
1.032000e+02, 1.500000e+01
1.038000e+02, 1.500000e+01
1.044000e+02, 1.500000e+01
1.050000e+02, 1.500000e+01
1.056000e+02, 1.500000e+01
1.062000e+02, 1.500000e+01
1.068000e+02, 1.500000e+01
1.074000e+02, 1.500000e+01
1.080000e+02, 1.500000e+01
1.086000e+02, 1.500000e+01
1.092000e+02, 1.500000e+01
1.098000e+02, 1.500000e+01
1.104000e+02, 1.500000e+01
1.110000e+02, 1.500000e+01
1.116000e+02, 1.500000e+01
1.122000e+02, 1.500000e+01
1.128000e+02, 1.500000e+01
1.134000e+02, 1.500000e+01
1.140000e+02, 1.500000e+01
1.146000e+02, 1.500000e+01
1.152000e+02, 1.500000e+01
1.158000e+02, 1.500000e+01
1.164000e+02, 1.500000e+01
1.170000e+02, 1.500000e+01
1.176000e+02, 1.500000e+01
1.182000e+02, 1.500000e+01
1.188000e+02, 1.500000e+01
1.194000e+02, 1.500000e+01
1.200000e+02, 1.500000e+01
1.206000e+02, 1.500000e+01
1.212000e+02, 1.500000e+01
1.218000e+02, 1.500000e+01
1.224000e+02, 1.500000e+01
1.230000e+02, 1.500000e+01
1.236000e+02, 1.500000e+01
1.242000e+02, 1.500000e+01
1.248000e+02, 1.500000e+01
1.254000e+02, 1.500000e+01
1.260000e+02, 1.500000e+01
1.266000e+02, 1.500000e+01
1.272000e+02, 1.500000e+01
1.278000e+02, 1.500000e+01
1.284000e+02, 1.500000e+01
1.290000e+02, 1.500000e+01
1.296000e+02, 1.500000e+01
1.302000e+02, 1.500000e+01
1.308000e+02, 1.500000e+01
1.314000e+02, 1.500000e+01
1.320000e+02, 1.500000e+01
1.326000e+02, 1.500000e+01
1.332000e+02, 1.500000e+01
1.338000e+02, 1.500000e+01
1.344000e+02, 1.500000e+01
1.350000e+02, 1.500000e+01
1.356000e+02, 1.500000e+01
1.362000e+02, 1.500000e+01
1.368000e+02, 1.500000e+01
1.374000e+02, 1.500000e+01
1.380000e+02, 1.500000e+01
1.386000e+02, 1.500000e+01
1.392000e+02, 1.500000e+01
1.398000e+02, 1.500000e+01
1.404000e+02, 1.500000e+01
1.410000e+02, 1.500000e+01
1.416000e+02, 1.500000e+01
1.422000e+02, 1.500000e+01
1.428000e+02, 1.500000e+01
1.434000e+02, 1.500000e+01
1.440000e+02, 1.500000e+01
1.446000e+02, 1.500000e+01
1.452000e+02, 1.500000e+01
1.458000e+02, 1.500000e+01
1.464000e+02, 1.500000e+01
1.470000e+02, 1.500000e+01
1.476000e+02, 1.500000e+01
1.482000e+02, 1.500000e+01
1.488000e+02, 1.500000e+01
1.494000e+02, 1.500000e+01
1.500000e+02, 1.500000e+01
1.506000e+02, 1.500000e+01
1.512000e+02, 1.500000e+01
1.518000e+02, 1.500000e+01
1.524000e+02, 1.500000e+01
1.530000e+02, 1.500000e+01
1.536000e+02, 1.500000e+01
1.542000e+02, 1.500000e+01
1.548000e+02, 1.500000e+01
1.554000e+02, 1.500000e+01
1.560000e+02, 1.500000e+01
1.566000e+02, 1.500000e+01
1.572000e+02, 1.500000e+01
1.578000e+02, 1.500000e+01
1.584000e+02, 1.500000e+01
1.590000e+02, 1.500000e+01
1.596000e+02, 1.500000e+01
1.602000e+02, 1.500000e+01
1.608000e+02, 1.500000e+01
1.614000e+02, 1.500000e+01
1.620000e+02, 1.500000e+01
1.626000e+02, 1.500000e+01
1.632000e+02, 1.500000e+01
1.638000e+02, 1.500000e+01
1.644000e+02, 1.500000e+01
1.650000e+02, 1.500000e+01
1.656000e+02, 1.500000e+01
1.662000e+02, 1.500000e+01
1.668000e+02, 1.500000e+01
1.674000e+02, 1.500000e+01
1.680000e+02, 1.500000e+01
1.686000e+02, 1.500000e+01
1.692000e+02, 1.500000e+01
1.698000e+02, 1.500000e+01
1.704000e+02, 1.500000e+01
1.710000e+02, 1.500000e+01
1.716000e+02, 1.500000e+01
1.722000e+02, 1.500000e+01
1.728000e+02, 1.500000e+01
1.734000e+02, 1.500000e+01
1.740000e+02, 1.500000e+01
1.746000e+02, 1.500000e+01
1.752000e+02, 1.500000e+01
1.758000e+02, 1.500000e+01
1.764000e+02, 1.500000e+01
1.770000e+02, 1.500000e+01
1.776000e+02, 1.500000e+01
1.782000e+02, 1.500000e+01
1.788000e+02, 1.500000e+01
1.794000e+02, 1.500000e+01
1.800000e+02, 1.500000e+01
1.806000e+02, 1.500000e+01
1.812000e+02, 1.500000e+01
1.818000e+02, 1.500000e+01
1.824000e+02, 1.500000e+01
1.830000e+02, 1.500000e+01
1.836000e+02, 1.500000e+01
1.842000e+02, 1.500000e+01
1.848000e+02, 1.500000e+01
1.854000e+02, 1.500000e+01
1.860000e+02, 1.500000e+01
1.866000e+02, 1.500000e+01
1.872000e+02, 1.500000e+01
1.878000e+02, 1.500000e+01
1.884000e+02, 1.500000e+01
1.890000e+02, 1.500000e+01
1.896000e+02, 1.500000e+01
1.902000e+02, 1.500000e+01
1.908000e+02, 1.500000e+01
1.914000e+02, 1.500000e+01
1.920000e+02, 1.500000e+01
1.926000e+02, 1.500000e+01
1.932000e+02, 1.500000e+01
1.938000e+02, 1.500000e+01
1.944000e+02, 1.500000e+01
1.950000e+02, 1.500000e+01
1.956000e+02, 1.500000e+01
1.962000e+02, 1.500000e+01
1.968000e+02, 1.500000e+01
1.974000e+02, 1.500000e+01
1.980000e+02, 1.500000e+01
1.986000e+02, 1.500000e+01
1.992000e+02, 1.500000e+01
1.998000e+02, 1.500000e+01
2.004000e+02, 1.500000e+01
2.010000e+02, 1.500000e+01
2.016000e+02, 1.500000e+01
2.022000e+02, 1.500000e+01
2.028000e+02, 1.500000e+01
2.034000e+02, 1.500000e+01
2.040000e+02, 1.500000e+01
2.046000e+02, 1.500000e+01
2.052000e+02, 1.500000e+01
2.058000e+02, 1.500000e+01
2.064000e+02, 1.500000e+01
2.070000e+02, 1.500000e+01
2.076000e+02, 1.500000e+01
2.082000e+02, 1.500000e+01
2.088000e+02, 1.500000e+01
2.094000e+02, 1.500000e+01
2.100000e+02, 1.500000e+01
2.106000e+02, 1.500000e+01
2.112000e+02, 1.500000e+01
2.118000e+02, 1.500000e+01
2.124000e+02, 1.500000e+01
2.130000e+02, 1.500000e+01
2.136000e+02, 1.500000e+01
2.142000e+02, 1.500000e+01
2.148000e+02, 1.500000e+01
2.154000e+02, 1.500000e+01
2.160000e+02, 1.500000e+01
2.166000e+02, 1.500000e+01
2.172000e+02, 1.500000e+01
2.178000e+02, 1.500000e+01
2.184000e+02, 1.500000e+01
2.190000e+02, 1.500000e+01
2.196000e+02, 1.500000e+01
2.202000e+02, 1.500000e+01
2.208000e+02, 1.500000e+01
2.214000e+02, 1.500000e+01
2.220000e+02, 1.500000e+01
2.226000e+02, 1.500000e+01
2.232000e+02, 1.500000e+01
2.238000e+02, 1.500000e+01
2.244000e+02, 1.500000e+01
2.250000e+02, 1.500000e+01
2.256000e+02, 1.500000e+01
2.262000e+02, 1.500000e+01
2.268000e+02, 1.500000e+01
2.274000e+02, 1.500000e+01
2.280000e+02, 1.500000e+01
2.286000e+02, 1.500000e+01
2.292000e+02, 1.500000e+01
2.298000e+02, 1.500000e+01
2.304000e+02, 1.500000e+01
2.310000e+02, 1.500000e+01
2.316000e+02, 1.500000e+01
2.322000e+02, 1.500000e+01
2.328000e+02, 1.500000e+01
2.334000e+02, 1.500000e+01
2.340000e+02, 1.500000e+01
2.346000e+02, 1.500000e+01
2.352000e+02, 1.500000e+01
2.358000e+02, 1.500000e+01
2.364000e+02, 1.500000e+01
2.370000e+02, 1.500000e+01
2.376000e+02, 1.500000e+01
2.382000e+02, 1.500000e+01
2.388000e+02, 1.500000e+01
2.394000e+02, 1.500000e+01
2.400000e+02, 1.500000e+01
2.406000e+02, 1.500000e+01
2.412000e+02, 1.500000e+01
2.418000e+02, 1.500000e+01
2.424000e+02, 1.500000e+01
2.430000e+02, 1.500000e+01
2.436000e+02, 1.500000e+01
2.442000e+02, 1.500000e+01
2.448000e+02, 1.500000e+01
2.454000e+02, 1.500000e+01
2.460000e+02, 1.500000e+01
2.466000e+02, 1.500000e+01
2.472000e+02, 1.500000e+01
2.478000e+02, 1.500000e+01
2.484000e+02, 1.500000e+01
2.490000e+02, 1.500000e+01
2.496000e+02, 1.500000e+01
2.502000e+02, 1.500000e+01
2.508000e+02, 1.500000e+01
2.514000e+02, 1.500000e+01
2.520000e+02, 1.500000e+01
2.526000e+02, 1.500000e+01
2.532000e+02, 1.500000e+01
2.538000e+02, 1.500000e+01
2.544000e+02, 1.500000e+01
2.550000e+02, 1.500000e+01
2.556000e+02, 1.500000e+01
2.562000e+02, 1.500000e+01
2.568000e+02, 1.500000e+01
2.574000e+02, 1.500000e+01
2.580000e+02, 1.500000e+01
2.586000e+02, 1.500000e+01
2.592000e+02, 1.500000e+01
2.598000e+02, 1.500000e+01
2.604000e+02, 1.500000e+01
2.610000e+02, 1.500000e+01
2.616000e+02, 1.500000e+01
2.622000e+02, 1.500000e+01
2.628000e+02, 1.500000e+01
2.634000e+02, 1.500000e+01
2.640000e+02, 1.500000e+01
2.646000e+02, 1.500000e+01
2.652000e+02, 1.500000e+01
2.658000e+02, 1.500000e+01
2.664000e+02, 1.500000e+01
2.670000e+02, 1.500000e+01
2.676000e+02, 1.500000e+01
2.682000e+02, 1.500000e+01
2.688000e+02, 1.500000e+01
2.694000e+02, 1.500000e+01
2.700000e+02, 1.500000e+01
2.706000e+02, 1.500000e+01
2.712000e+02, 1.500000e+01
2.718000e+02, 1.500000e+01
2.724000e+02, 1.500000e+01
2.730000e+02, 1.500000e+01
2.736000e+02, 1.500000e+01
2.742000e+02, 1.500000e+01
2.748000e+02, 1.500000e+01
2.754000e+02, 1.500000e+01
2.760000e+02, 1.500000e+01
2.766000e+02, 1.500000e+01
2.772000e+02, 1.500000e+01
2.778000e+02, 1.500000e+01
2.784000e+02, 1.500000e+01
2.790000e+02, 1.500000e+01
2.796000e+02, 1.500000e+01
2.802000e+02, 1.500000e+01
2.808000e+02, 1.500000e+01
2.814000e+02, 1.500000e+01
2.820000e+02, 1.500000e+01
2.826000e+02, 1.500000e+01
2.832000e+02, 1.500000e+01
2.838000e+02, 1.500000e+01
2.844000e+02, 1.500000e+01
2.850000e+02, 1.500000e+01
2.856000e+02, 1.500000e+01
2.862000e+02, 1.500000e+01
2.868000e+02, 1.500000e+01
2.874000e+02, 1.500000e+01
2.880000e+02, 1.500000e+01
2.886000e+02, 1.500000e+01
2.892000e+02, 1.500000e+01
2.898000e+02, 1.500000e+01
2.904000e+02, 1.500000e+01
2.910000e+02, 1.500000e+01
2.916000e+02, 1.500000e+01
2.922000e+02, 1.500000e+01
2.928000e+02, 1.500000e+01
2.934000e+02, 1.500000e+01
2.940000e+02, 1.500000e+01
2.946000e+02, 1.500000e+01
2.952000e+02, 1.500000e+01
2.958000e+02, 1.500000e+01
2.964000e+02, 1.500000e+01
2.970000e+02, 1.500000e+01
2.976000e+02, 1.500000e+01
2.982000e+02, 1.500000e+01
2.988000e+02, 1.500000e+01
2.994000e+02, 1.500000e+01
3.000000e+02, 1.500000e+01
3.006000e+02, 1.500000e+01
3.012000e+02, 1.500000e+01
3.018000e+02, 1.500000e+01
3.024000e+02, 1.500000e+01
3.030000e+02, 1.500000e+01
3.036000e+02, 1.500000e+01
3.042000e+02, 1.500000e+01
3.048000e+02, 1.500000e+01
3.054000e+02, 1.500000e+01
3.060000e+02, 1.500000e+01
3.066000e+02, 1.500000e+01
3.072000e+02, 1.500000e+01
3.078000e+02, 1.500000e+01
3.084000e+02, 1.500000e+01
3.090000e+02, 1.500000e+01
3.096000e+02, 1.500000e+01
3.102000e+02, 1.500000e+01
3.108000e+02, 1.500000e+01
3.114000e+02, 1.500000e+01
3.120000e+02, 1.500000e+01
3.126000e+02, 1.500000e+01
3.132000e+02, 1.500000e+01
3.138000e+02, 1.500000e+01
3.144000e+02, 1.500000e+01
3.150000e+02, 1.500000e+01
3.156000e+02, 1.500000e+01
3.162000e+02, 1.500000e+01
3.168000e+02, 1.500000e+01
3.174000e+02, 1.500000e+01
3.180000e+02, 1.500000e+01
3.186000e+02, 1.500000e+01
3.192000e+02, 1.500000e+01
3.198000e+02, 1.500000e+01
3.204000e+02, 1.500000e+01
3.210000e+02, 1.500000e+01
3.216000e+02, 1.500000e+01
3.222000e+02, 1.500000e+01
3.228000e+02, 1.500000e+01
3.234000e+02, 1.500000e+01
3.240000e+02, 1.500000e+01
3.246000e+02, 1.500000e+01
3.252000e+02, 1.500000e+01
3.258000e+02, 1.500000e+01
3.264000e+02, 1.500000e+01
3.270000e+02, 1.500000e+01
3.276000e+02, 1.500000e+01
3.282000e+02, 1.500000e+01
3.288000e+02, 1.500000e+01
3.294000e+02, 1.500000e+01
3.300000e+02, 1.500000e+01
3.306000e+02, 1.500000e+01
3.312000e+02, 1.500000e+01
3.318000e+02, 1.500000e+01
3.324000e+02, 1.500000e+01
3.330000e+02, 1.500000e+01
3.336000e+02, 1.500000e+01
3.342000e+02, 1.500000e+01
3.348000e+02, 1.500000e+01
3.354000e+02, 1.500000e+01
3.360000e+02, 1.500000e+01
3.366000e+02, 1.500000e+01
3.372000e+02, 1.500000e+01
3.378000e+02, 1.500000e+01
3.384000e+02, 1.500000e+01
3.390000e+02, 1.500000e+01
3.396000e+02, 1.500000e+01
3.402000e+02, 1.500000e+01
3.408000e+02, 1.500000e+01
3.414000e+02, 1.500000e+01
3.420000e+02, 1.500000e+01
3.426000e+02, 1.500000e+01
3.432000e+02, 1.500000e+01
3.438000e+02, 1.500000e+01
3.444000e+02, 1.500000e+01
3.450000e+02, 1.500000e+01
3.456000e+02, 1.500000e+01
3.462000e+02, 1.500000e+01
3.468000e+02, 1.500000e+01
3.474000e+02, 1.500000e+01
3.480000e+02, 1.500000e+01
3.486000e+02, 1.500000e+01
3.492000e+02, 1.500000e+01
3.498000e+02, 1.500000e+01
3.504000e+02, 1.500000e+01
3.510000e+02, 1.500000e+01
3.516000e+02, 1.500000e+01
3.522000e+02, 1.500000e+01
3.528000e+02, 1.500000e+01
3.534000e+02, 1.500000e+01
3.540000e+02, 1.500000e+01
3.546000e+02, 1.500000e+01
3.552000e+02, 1.500000e+01
3.558000e+02, 1.500000e+01
3.564000e+02, 1.500000e+01
3.570000e+02, 1.500000e+01
3.576000e+02, 1.500000e+01
3.582000e+02, 1.500000e+01
3.588000e+02, 1.500000e+01
3.594000e+02, 1.500000e+01
3.600000e+02, 1.500000e+01
3.606000e+02, 1.500000e+01
3.612000e+02, 1.500000e+01
3.618000e+02, 1.500000e+01
3.624000e+02, 1.500000e+01
3.630000e+02, 1.500000e+01
3.636000e+02, 1.500000e+01
3.642000e+02, 1.500000e+01
3.648000e+02, 1.500000e+01
3.654000e+02, 1.500000e+01
3.660000e+02, 1.500000e+01
3.666000e+02, 1.500000e+01
3.672000e+02, 1.500000e+01
3.678000e+02, 1.500000e+01
3.684000e+02, 1.500000e+01
3.690000e+02, 1.500000e+01
3.696000e+02, 1.500000e+01
3.702000e+02, 1.500000e+01
3.708000e+02, 1.500000e+01
3.714000e+02, 1.500000e+01
3.720000e+02, 1.500000e+01
3.726000e+02, 1.500000e+01
3.732000e+02, 1.500000e+01
3.738000e+02, 1.500000e+01
3.744000e+02, 1.500000e+01
3.750000e+02, 1.500000e+01
3.756000e+02, 1.500000e+01
3.762000e+02, 1.500000e+01
3.768000e+02, 1.500000e+01
3.774000e+02, 1.500000e+01
3.780000e+02, 1.500000e+01
3.786000e+02, 1.500000e+01
3.792000e+02, 1.500000e+01
3.798000e+02, 1.500000e+01
3.804000e+02, 1.500000e+01
3.810000e+02, 1.500000e+01
3.816000e+02, 1.500000e+01
3.822000e+02, 1.500000e+01
3.828000e+02, 1.500000e+01
3.834000e+02, 1.500000e+01
3.840000e+02, 1.500000e+01
3.846000e+02, 1.500000e+01
3.852000e+02, 1.500000e+01
3.858000e+02, 1.500000e+01
3.864000e+02, 1.500000e+01
3.870000e+02, 1.500000e+01
3.876000e+02, 1.500000e+01
3.882000e+02, 1.500000e+01
3.888000e+02, 1.500000e+01
3.894000e+02, 1.500000e+01
3.900000e+02, 1.500000e+01
3.906000e+02, 1.500000e+01
3.912000e+02, 1.500000e+01
3.918000e+02, 1.500000e+01
3.924000e+02, 1.500000e+01
3.930000e+02, 1.500000e+01
3.936000e+02, 1.500000e+01
3.942000e+02, 1.500000e+01
3.948000e+02, 1.500000e+01
3.954000e+02, 1.500000e+01
3.960000e+02, 1.500000e+01
3.966000e+02, 1.500000e+01
3.972000e+02, 1.500000e+01
3.978000e+02, 1.500000e+01
3.984000e+02, 1.500000e+01
3.990000e+02, 1.500000e+01
3.996000e+02, 1.500000e+01
4.002000e+02, 1.500000e+01
4.008000e+02, 1.500000e+01
4.014000e+02, 1.500000e+01
4.020000e+02, 1.500000e+01
4.026000e+02, 1.500000e+01
4.032000e+02, 1.500000e+01
4.038000e+02, 1.500000e+01
4.044000e+02, 1.500000e+01
4.050000e+02, 1.500000e+01
4.056000e+02, 1.500000e+01
4.062000e+02, 1.500000e+01
4.068000e+02, 1.500000e+01
4.074000e+02, 1.500000e+01
4.080000e+02, 1.500000e+01
4.086000e+02, 1.500000e+01
4.092000e+02, 1.500000e+01
4.098000e+02, 1.500000e+01
4.104000e+02, 1.500000e+01
4.110000e+02, 1.500000e+01
4.116000e+02, 1.500000e+01
4.122000e+02, 1.500000e+01
4.128000e+02, 1.500000e+01
4.134000e+02, 1.500000e+01
4.140000e+02, 1.500000e+01
4.146000e+02, 1.500000e+01
4.152000e+02, 1.500000e+01
4.158000e+02, 1.500000e+01
4.164000e+02, 1.500000e+01
4.170000e+02, 1.500000e+01
4.176000e+02, 1.500000e+01
4.182000e+02, 1.500000e+01
4.188000e+02, 1.500000e+01
4.194000e+02, 1.500000e+01
4.200000e+02, 1.500000e+01
4.206000e+02, 1.500000e+01
4.212000e+02, 1.500000e+01
4.218000e+02, 1.500000e+01
4.224000e+02, 1.500000e+01
4.230000e+02, 1.500000e+01
4.236000e+02, 1.500000e+01
4.242000e+02, 1.500000e+01
4.248000e+02, 1.500000e+01
4.254000e+02, 1.500000e+01
4.260000e+02, 1.500000e+01
4.266000e+02, 1.500000e+01
4.272000e+02, 1.500000e+01
4.278000e+02, 1.500000e+01
4.284000e+02, 1.500000e+01
4.290000e+02, 1.500000e+01
4.296000e+02, 1.500000e+01
4.302000e+02, 1.500000e+01
4.308000e+02, 1.500000e+01
4.314000e+02, 1.500000e+01
4.320000e+02, 1.500000e+01
4.326000e+02, 1.500000e+01
4.332000e+02, 1.500000e+01
4.338000e+02, 1.500000e+01
4.344000e+02, 1.500000e+01
4.350000e+02, 1.500000e+01
4.356000e+02, 1.500000e+01
4.362000e+02, 1.500000e+01
4.368000e+02, 1.500000e+01
4.374000e+02, 1.500000e+01
4.380000e+02, 1.500000e+01
4.386000e+02, 1.500000e+01
4.392000e+02, 1.500000e+01
4.398000e+02, 1.500000e+01
4.404000e+02, 1.500000e+01
4.410000e+02, 1.500000e+01
4.416000e+02, 1.500000e+01
4.422000e+02, 1.500000e+01
4.428000e+02, 1.500000e+01
4.434000e+02, 1.500000e+01
4.440000e+02, 1.500000e+01
4.446000e+02, 1.500000e+01
4.452000e+02, 1.500000e+01
4.458000e+02, 1.500000e+01
4.464000e+02, 1.500000e+01
4.470000e+02, 1.500000e+01
4.476000e+02, 1.500000e+01
4.482000e+02, 1.500000e+01
4.488000e+02, 1.500000e+01
4.494000e+02, 1.500000e+01
4.500000e+02, 1.500000e+01
4.506000e+02, 1.500000e+01
4.512000e+02, 1.500000e+01
4.518000e+02, 1.500000e+01
4.524000e+02, 1.500000e+01
4.530000e+02, 1.500000e+01
4.536000e+02, 1.500000e+01
4.542000e+02, 1.500000e+01
4.548000e+02, 1.500000e+01
4.554000e+02, 1.500000e+01
4.560000e+02, 1.500000e+01
4.566000e+02, 1.500000e+01
4.572000e+02, 1.500000e+01
4.578000e+02, 1.500000e+01
4.584000e+02, 1.500000e+01
4.590000e+02, 1.500000e+01
4.596000e+02, 1.500000e+01
4.602000e+02, 1.500000e+01
4.608000e+02, 1.500000e+01
4.614000e+02, 1.500000e+01
4.620000e+02, 1.500000e+01
4.626000e+02, 1.500000e+01
4.632000e+02, 1.500000e+01
4.638000e+02, 1.500000e+01
4.644000e+02, 1.500000e+01
4.650000e+02, 1.500000e+01
4.656000e+02, 1.500000e+01
4.662000e+02, 1.500000e+01
4.668000e+02, 1.500000e+01
4.674000e+02, 1.500000e+01
4.680000e+02, 1.500000e+01
4.686000e+02, 1.500000e+01
4.692000e+02, 1.500000e+01
4.698000e+02, 1.500000e+01
4.704000e+02, 1.500000e+01
4.710000e+02, 1.500000e+01
4.716000e+02, 1.500000e+01
4.722000e+02, 1.500000e+01
4.728000e+02, 1.500000e+01
4.734000e+02, 1.500000e+01
4.740000e+02, 1.500000e+01
4.746000e+02, 1.500000e+01
4.752000e+02, 1.500000e+01
4.758000e+02, 1.500000e+01
4.764000e+02, 1.500000e+01
4.770000e+02, 1.500000e+01
4.776000e+02, 1.500000e+01
4.782000e+02, 1.500000e+01
4.788000e+02, 1.500000e+01
4.794000e+02, 1.500000e+01
4.800000e+02, 1.500000e+01
4.806000e+02, 1.500000e+01
4.812000e+02, 1.500000e+01
4.818000e+02, 1.500000e+01
4.824000e+02, 1.500000e+01
4.830000e+02, 1.500000e+01
4.836000e+02, 1.500000e+01
4.842000e+02, 1.500000e+01
4.848000e+02, 1.500000e+01
4.854000e+02, 1.500000e+01
4.860000e+02, 1.500000e+01
4.866000e+02, 1.500000e+01
4.872000e+02, 1.500000e+01
4.878000e+02, 1.500000e+01
4.884000e+02, 1.500000e+01
4.890000e+02, 1.500000e+01
4.896000e+02, 1.500000e+01
4.902000e+02, 1.500000e+01
4.908000e+02, 1.500000e+01
4.914000e+02, 1.500000e+01
4.920000e+02, 1.500000e+01
4.926000e+02, 1.500000e+01
4.932000e+02, 1.500000e+01
4.938000e+02, 1.500000e+01
4.944000e+02, 1.500000e+01
4.950000e+02, 1.500000e+01
4.956000e+02, 1.500000e+01
4.962000e+02, 1.500000e+01
4.968000e+02, 1.500000e+01
4.974000e+02, 1.500000e+01
4.980000e+02, 1.500000e+01
4.986000e+02, 1.500000e+01
4.992000e+02, 1.500000e+01
4.998000e+02, 1.500000e+01
5.004000e+02, 1.500000e+01
5.010000e+02, 1.500000e+01
5.016000e+02, 1.500000e+01
5.022000e+02, 1.500000e+01
5.028000e+02, 1.500000e+01
5.034000e+02, 1.500000e+01
5.040000e+02, 1.500000e+01
5.046000e+02, 1.500000e+01
5.052000e+02, 1.500000e+01
5.058000e+02, 1.500000e+01
5.064000e+02, 1.500000e+01
5.070000e+02, 1.500000e+01
5.076000e+02, 1.500000e+01
5.082000e+02, 1.500000e+01
5.088000e+02, 1.500000e+01
5.094000e+02, 1.500000e+01
5.100000e+02, 1.500000e+01
5.106000e+02, 1.500000e+01
5.112000e+02, 1.500000e+01
5.118000e+02, 1.500000e+01
5.124000e+02, 1.500000e+01
5.130000e+02, 1.500000e+01
5.136000e+02, 1.500000e+01
5.142000e+02, 1.500000e+01
5.148000e+02, 1.500000e+01
5.154000e+02, 1.500000e+01
5.160000e+02, 1.500000e+01
5.166000e+02, 1.500000e+01
5.172000e+02, 1.500000e+01
5.178000e+02, 1.500000e+01
5.184000e+02, 1.500000e+01
5.190000e+02, 1.500000e+01
5.196000e+02, 1.500000e+01
5.202000e+02, 1.500000e+01
5.208000e+02, 1.500000e+01
5.214000e+02, 1.500000e+01
5.220000e+02, 1.500000e+01
5.226000e+02, 1.500000e+01
5.232000e+02, 1.500000e+01
5.238000e+02, 1.500000e+01
5.244000e+02, 1.500000e+01
5.250000e+02, 1.500000e+01
5.256000e+02, 1.500000e+01
5.262000e+02, 1.500000e+01
5.268000e+02, 1.500000e+01
5.274000e+02, 1.500000e+01
5.280000e+02, 1.500000e+01
5.286000e+02, 1.500000e+01
5.292000e+02, 1.500000e+01
5.298000e+02, 1.500000e+01
5.304000e+02, 1.500000e+01
5.310000e+02, 1.500000e+01
5.316000e+02, 1.500000e+01
5.322000e+02, 1.500000e+01
5.328000e+02, 1.500000e+01
5.334000e+02, 1.500000e+01
5.340000e+02, 1.500000e+01
5.346000e+02, 1.500000e+01
5.352000e+02, 1.500000e+01
5.358000e+02, 1.500000e+01
5.364000e+02, 1.500000e+01
5.370000e+02, 1.500000e+01
5.376000e+02, 1.500000e+01
5.382000e+02, 1.500000e+01
5.388000e+02, 1.500000e+01
5.394000e+02, 1.500000e+01
5.400000e+02, 1.500000e+01
5.406000e+02, 1.500000e+01
5.412000e+02, 1.500000e+01
5.418000e+02, 1.500000e+01
5.424000e+02, 1.500000e+01
5.430000e+02, 1.500000e+01
5.436000e+02, 1.500000e+01
5.442000e+02, 1.500000e+01
5.448000e+02, 1.500000e+01
5.454000e+02, 1.500000e+01
5.460000e+02, 1.500000e+01
5.466000e+02, 1.500000e+01
5.472000e+02, 1.500000e+01
5.478000e+02, 1.500000e+01
5.484000e+02, 1.500000e+01
5.490000e+02, 1.500000e+01
5.496000e+02, 1.500000e+01
5.502000e+02, 1.500000e+01
5.508000e+02, 1.500000e+01
5.514000e+02, 1.500000e+01
5.520000e+02, 1.500000e+01
5.526000e+02, 1.500000e+01
5.532000e+02, 1.500000e+01
5.538000e+02, 1.500000e+01
5.544000e+02, 1.500000e+01
5.550000e+02, 1.500000e+01
5.556000e+02, 1.500000e+01
5.562000e+02, 1.500000e+01
5.568000e+02, 1.500000e+01
5.574000e+02, 1.500000e+01
5.580000e+02, 1.500000e+01
5.586000e+02, 1.500000e+01
5.592000e+02, 1.500000e+01
5.598000e+02, 1.500000e+01
5.604000e+02, 1.500000e+01
5.610000e+02, 1.500000e+01
5.616000e+02, 1.500000e+01
5.622000e+02, 1.500000e+01
5.628000e+02, 1.500000e+01
5.634000e+02, 1.500000e+01
5.640000e+02, 1.500000e+01
5.646000e+02, 1.500000e+01
5.652000e+02, 1.500000e+01
5.658000e+02, 1.500000e+01
5.664000e+02, 1.500000e+01
5.670000e+02, 1.500000e+01
5.676000e+02, 1.500000e+01
5.682000e+02, 1.500000e+01
5.688000e+02, 1.500000e+01
5.694000e+02, 1.500000e+01
5.700000e+02, 1.500000e+01
5.706000e+02, 1.500000e+01
5.712000e+02, 1.500000e+01
5.718000e+02, 1.500000e+01
5.724000e+02, 1.500000e+01
5.730000e+02, 1.500000e+01
5.736000e+02, 1.500000e+01
5.742000e+02, 1.500000e+01
5.748000e+02, 1.500000e+01
5.754000e+02, 1.500000e+01
5.760000e+02, 1.500000e+01
5.766000e+02, 1.500000e+01
5.772000e+02, 1.500000e+01
5.778000e+02, 1.500000e+01
5.784000e+02, 1.500000e+01
5.790000e+02, 1.500000e+01
5.796000e+02, 1.500000e+01
5.802000e+02, 1.500000e+01
5.808000e+02, 1.500000e+01
5.814000e+02, 1.500000e+01
5.820000e+02, 1.500000e+01
5.826000e+02, 1.500000e+01
5.832000e+02, 1.500000e+01
5.838000e+02, 1.500000e+01
5.844000e+02, 1.500000e+01
5.850000e+02, 1.500000e+01
5.856000e+02, 1.500000e+01
5.862000e+02, 1.500000e+01
5.868000e+02, 1.500000e+01
5.874000e+02, 1.500000e+01
5.880000e+02, 1.500000e+01
5.886000e+02, 1.500000e+01
5.892000e+02, 1.500000e+01
5.898000e+02, 1.500000e+01
5.904000e+02, 1.500000e+01
5.910000e+02, 1.500000e+01
5.916000e+02, 1.500000e+01
5.922000e+02, 1.500000e+01
5.928000e+02, 1.500000e+01
5.934000e+02, 1.500000e+01
5.940000e+02, 1.500000e+01
5.946000e+02, 1.500000e+01
5.952000e+02, 1.500000e+01
5.958000e+02, 1.500000e+01
5.964000e+02, 1.500000e+01
5.970000e+02, 1.500000e+01
5.976000e+02, 1.500000e+01
5.982000e+02, 1.500000e+01
5.988000e+02, 1.500000e+01
5.994000e+02, 1.500000e+01
6.000000e+02, 1.500000e+01
6.006000e+02, 1.500000e+01
6.012000e+02, 1.500000e+01
6.018000e+02, 1.500000e+01
6.024000e+02, 1.500000e+01
6.030000e+02, 1.500000e+01
6.036000e+02, 1.500000e+01
6.042000e+02, 1.500000e+01
6.048000e+02, 1.500000e+01
6.054000e+02, 1.500000e+01
6.060000e+02, 1.500000e+01
6.066000e+02, 1.500000e+01
6.072000e+02, 1.500000e+01
6.078000e+02, 1.500000e+01
6.084000e+02, 1.500000e+01
6.090000e+02, 1.500000e+01
6.096000e+02, 1.500000e+01
6.102000e+02, 1.500000e+01
6.108000e+02, 1.500000e+01
6.114000e+02, 1.500000e+01
6.120000e+02, 1.500000e+01
6.126000e+02, 1.500000e+01
6.132000e+02, 1.500000e+01
6.138000e+02, 1.500000e+01
6.144000e+02, 1.500000e+01
6.150000e+02, 1.500000e+01
6.156000e+02, 1.500000e+01
6.162000e+02, 1.500000e+01
6.168000e+02, 1.500000e+01
6.174000e+02, 1.500000e+01
6.180000e+02, 1.500000e+01
6.186000e+02, 1.500000e+01
6.192000e+02, 1.500000e+01
6.198000e+02, 1.500000e+01
6.204000e+02, 1.500000e+01
6.210000e+02, 1.500000e+01
6.216000e+02, 1.500000e+01
6.222000e+02, 1.500000e+01
6.228000e+02, 1.500000e+01
6.234000e+02, 1.500000e+01
6.240000e+02, 1.500000e+01
6.246000e+02, 1.500000e+01
6.252000e+02, 1.500000e+01
6.258000e+02, 1.500000e+01
6.264000e+02, 1.500000e+01
6.270000e+02, 1.500000e+01
6.276000e+02, 1.500000e+01
6.282000e+02, 1.500000e+01
6.288000e+02, 1.500000e+01
6.294000e+02, 1.500000e+01
6.300000e+02, 1.500000e+01
6.306000e+02, 1.500000e+01
6.312000e+02, 1.500000e+01
6.318000e+02, 1.500000e+01
6.324000e+02, 1.500000e+01
6.330000e+02, 1.500000e+01
6.336000e+02, 1.500000e+01
6.342000e+02, 1.500000e+01
6.348000e+02, 1.500000e+01
6.354000e+02, 1.500000e+01
6.360000e+02, 1.500000e+01
6.366000e+02, 1.500000e+01
6.372000e+02, 1.500000e+01
6.378000e+02, 1.500000e+01
6.384000e+02, 1.500000e+01
6.390000e+02, 1.500000e+01
6.396000e+02, 1.500000e+01
6.402000e+02, 1.500000e+01
6.408000e+02, 1.500000e+01
6.414000e+02, 1.500000e+01
6.420000e+02, 1.500000e+01
6.426000e+02, 1.500000e+01
6.432000e+02, 1.500000e+01
6.438000e+02, 1.500000e+01
6.444000e+02, 1.500000e+01
6.450000e+02, 1.500000e+01
6.456000e+02, 1.500000e+01
6.462000e+02, 1.500000e+01
6.468000e+02, 1.500000e+01
6.474000e+02, 1.500000e+01
6.480000e+02, 1.500000e+01
6.486000e+02, 1.500000e+01
6.492000e+02, 1.500000e+01
6.498000e+02, 1.500000e+01
6.504000e+02, 1.500000e+01
6.510000e+02, 1.500000e+01
6.516000e+02, 1.500000e+01
6.522000e+02, 1.500000e+01
6.528000e+02, 1.500000e+01
6.534000e+02, 1.500000e+01
6.540000e+02, 1.500000e+01
6.546000e+02, 1.500000e+01
6.552000e+02, 1.500000e+01
6.558000e+02, 1.500000e+01
6.564000e+02, 1.500000e+01
6.570000e+02, 1.500000e+01
6.576000e+02, 1.500000e+01
6.582000e+02, 1.500000e+01
6.588000e+02, 1.500000e+01
6.594000e+02, 1.500000e+01
6.600000e+02, 1.500000e+01
6.606000e+02, 1.500000e+01
6.612000e+02, 1.500000e+01
6.618000e+02, 1.500000e+01
6.624000e+02, 1.500000e+01
6.630000e+02, 1.500000e+01
6.636000e+02, 1.500000e+01
6.642000e+02, 1.500000e+01
6.648000e+02, 1.500000e+01
6.654000e+02, 1.500000e+01
6.660000e+02, 1.500000e+01
6.666000e+02, 1.500000e+01
6.672000e+02, 1.500000e+01
6.678000e+02, 1.500000e+01
6.684000e+02, 1.500000e+01
6.690000e+02, 1.500000e+01
6.696000e+02, 1.500000e+01
6.702000e+02, 1.500000e+01
6.708000e+02, 1.500000e+01
6.714000e+02, 1.500000e+01
6.720000e+02, 1.500000e+01
6.726000e+02, 1.500000e+01
6.732000e+02, 1.500000e+01
6.738000e+02, 1.500000e+01
6.744000e+02, 1.500000e+01
6.750000e+02, 1.500000e+01
6.756000e+02, 1.500000e+01
6.762000e+02, 1.500000e+01
6.768000e+02, 1.500000e+01
6.774000e+02, 1.500000e+01
6.780000e+02, 1.500000e+01
6.786000e+02, 1.500000e+01
6.792000e+02, 1.500000e+01
6.798000e+02, 1.500000e+01
6.804000e+02, 1.500000e+01
6.810000e+02, 1.500000e+01
6.816000e+02, 1.500000e+01
6.822000e+02, 1.500000e+01
6.828000e+02, 1.500000e+01
6.834000e+02, 1.500000e+01
6.840000e+02, 1.500000e+01
6.846000e+02, 1.500000e+01
6.852000e+02, 1.500000e+01
6.858000e+02, 1.500000e+01
6.864000e+02, 1.500000e+01
6.870000e+02, 1.500000e+01
6.876000e+02, 1.500000e+01
6.882000e+02, 1.500000e+01
6.888000e+02, 1.500000e+01
6.894000e+02, 1.500000e+01
6.900000e+02, 1.500000e+01
6.906000e+02, 1.500000e+01
6.912000e+02, 1.500000e+01
6.918000e+02, 1.500000e+01
6.924000e+02, 1.500000e+01
6.930000e+02, 1.500000e+01
6.936000e+02, 1.500000e+01
6.942000e+02, 1.500000e+01
6.948000e+02, 1.500000e+01
6.954000e+02, 1.500000e+01
6.960000e+02, 1.500000e+01
6.966000e+02, 1.500000e+01
6.972000e+02, 1.500000e+01
6.978000e+02, 1.500000e+01
6.984000e+02, 1.500000e+01
6.990000e+02, 1.500000e+01
6.996000e+02, 1.500000e+01
7.002000e+02, 1.500000e+01
7.008000e+02, 1.500000e+01
7.014000e+02, 1.500000e+01
7.020000e+02, 1.500000e+01
7.026000e+02, 1.500000e+01
7.032000e+02, 1.500000e+01
7.038000e+02, 1.500000e+01
7.044000e+02, 1.500000e+01
7.050000e+02, 1.500000e+01
7.056000e+02, 1.500000e+01
7.062000e+02, 1.500000e+01
7.068000e+02, 1.500000e+01
7.074000e+02, 1.500000e+01
7.080000e+02, 1.500000e+01
7.086000e+02, 1.500000e+01
7.092000e+02, 1.500000e+01
7.098000e+02, 1.500000e+01
7.104000e+02, 1.500000e+01
7.110000e+02, 1.500000e+01
7.116000e+02, 1.500000e+01
7.122000e+02, 1.500000e+01
7.128000e+02, 1.500000e+01
7.134000e+02, 1.500000e+01
7.140000e+02, 1.500000e+01
7.146000e+02, 1.500000e+01
7.152000e+02, 1.500000e+01
7.158000e+02, 1.500000e+01
7.164000e+02, 1.500000e+01
7.170000e+02, 1.500000e+01
7.176000e+02, 1.500000e+01
7.182000e+02, 1.500000e+01
7.188000e+02, 1.500000e+01
7.194000e+02, 1.500000e+01
7.200000e+02, 1.500000e+01
7.206000e+02, 1.500000e+01
7.212000e+02, 1.500000e+01
7.218000e+02, 1.500000e+01
7.224000e+02, 1.500000e+01
7.230000e+02, 1.500000e+01
7.236000e+02, 1.500000e+01
7.242000e+02, 1.500000e+01
7.248000e+02, 1.500000e+01
7.254000e+02, 1.500000e+01
7.260000e+02, 1.500000e+01
7.266000e+02, 1.500000e+01
7.272000e+02, 1.500000e+01
7.278000e+02, 1.500000e+01
7.284000e+02, 1.500000e+01
7.290000e+02, 1.500000e+01
7.296000e+02, 1.500000e+01
7.302000e+02, 1.500000e+01
7.308000e+02, 1.500000e+01
7.314000e+02, 1.500000e+01
7.320000e+02, 1.500000e+01
7.326000e+02, 1.500000e+01
7.332000e+02, 1.500000e+01
7.338000e+02, 1.500000e+01
7.344000e+02, 1.500000e+01
7.350000e+02, 1.500000e+01
7.356000e+02, 1.500000e+01
7.362000e+02, 1.500000e+01
7.368000e+02, 1.500000e+01
7.374000e+02, 1.500000e+01
7.380000e+02, 1.500000e+01
7.386000e+02, 1.500000e+01
7.392000e+02, 1.500000e+01
7.398000e+02, 1.500000e+01
7.404000e+02, 1.500000e+01
7.410000e+02, 1.500000e+01
7.416000e+02, 1.500000e+01
7.422000e+02, 1.500000e+01
7.428000e+02, 1.500000e+01
7.434000e+02, 1.500000e+01
7.440000e+02, 1.500000e+01
7.446000e+02, 1.500000e+01
7.452000e+02, 1.500000e+01
7.458000e+02, 1.500000e+01
7.464000e+02, 1.500000e+01
7.470000e+02, 1.500000e+01
7.476000e+02, 1.500000e+01
7.482000e+02, 1.500000e+01
7.488000e+02, 1.500000e+01
7.494000e+02, 1.500000e+01
7.500000e+02, 1.500000e+01
7.506000e+02, 1.500000e+01
7.512000e+02, 1.500000e+01
7.518000e+02, 1.500000e+01
7.524000e+02, 1.500000e+01
7.530000e+02, 1.500000e+01
7.536000e+02, 1.500000e+01
7.542000e+02, 1.500000e+01
7.548000e+02, 1.500000e+01
7.554000e+02, 1.500000e+01
7.560000e+02, 1.500000e+01
7.566000e+02, 1.500000e+01
7.572000e+02, 1.500000e+01
7.578000e+02, 1.500000e+01
7.584000e+02, 1.500000e+01
7.590000e+02, 1.500000e+01
7.596000e+02, 1.500000e+01
7.602000e+02, 1.500000e+01
7.608000e+02, 1.500000e+01
7.614000e+02, 1.500000e+01
7.620000e+02, 1.500000e+01
7.626000e+02, 1.500000e+01
7.632000e+02, 1.500000e+01
7.638000e+02, 1.500000e+01
7.644000e+02, 1.500000e+01
7.650000e+02, 1.500000e+01
7.656000e+02, 1.500000e+01
7.662000e+02, 1.500000e+01
7.668000e+02, 1.500000e+01
7.674000e+02, 1.500000e+01
7.680000e+02, 1.500000e+01
7.686000e+02, 1.500000e+01
7.692000e+02, 1.500000e+01
7.698000e+02, 1.500000e+01
7.704000e+02, 1.500000e+01
7.710000e+02, 1.500000e+01
7.716000e+02, 1.500000e+01
7.722000e+02, 1.500000e+01
7.728000e+02, 1.500000e+01
7.734000e+02, 1.500000e+01
7.740000e+02, 1.500000e+01
7.746000e+02, 1.500000e+01
7.752000e+02, 1.500000e+01
7.758000e+02, 1.500000e+01
7.764000e+02, 1.500000e+01
7.770000e+02, 1.500000e+01
7.776000e+02, 1.500000e+01
7.782000e+02, 1.500000e+01
7.788000e+02, 1.500000e+01
7.794000e+02, 1.500000e+01
7.800000e+02, 1.500000e+01
7.806000e+02, 1.500000e+01
7.812000e+02, 1.500000e+01
7.818000e+02, 1.500000e+01
7.824000e+02, 1.500000e+01
7.830000e+02, 1.500000e+01
7.836000e+02, 1.500000e+01
7.842000e+02, 1.500000e+01
7.848000e+02, 1.500000e+01
7.854000e+02, 1.500000e+01
7.860000e+02, 1.500000e+01
7.866000e+02, 1.500000e+01
7.872000e+02, 1.500000e+01
7.878000e+02, 1.500000e+01
7.884000e+02, 1.500000e+01
7.890000e+02, 1.500000e+01
7.896000e+02, 1.500000e+01
7.902000e+02, 1.500000e+01
7.908000e+02, 1.500000e+01
7.914000e+02, 1.500000e+01
7.920000e+02, 1.500000e+01
7.926000e+02, 1.500000e+01
7.932000e+02, 1.500000e+01
7.938000e+02, 1.500000e+01
7.944000e+02, 1.500000e+01
7.950000e+02, 1.500000e+01
7.956000e+02, 1.500000e+01
7.962000e+02, 1.500000e+01
7.968000e+02, 1.500000e+01
7.974000e+02, 1.500000e+01
7.980000e+02, 1.500000e+01
7.986000e+02, 1.500000e+01
7.992000e+02, 1.500000e+01
7.998000e+02, 1.500000e+01
8.004000e+02, 1.500000e+01
8.010000e+02, 1.500000e+01
8.016000e+02, 1.500000e+01
8.022000e+02, 1.500000e+01
8.028000e+02, 1.500000e+01
8.034000e+02, 1.500000e+01
8.040000e+02, 1.500000e+01
8.046000e+02, 1.500000e+01
8.052000e+02, 1.500000e+01
8.058000e+02, 1.500000e+01
8.064000e+02, 1.500000e+01
8.070000e+02, 1.500000e+01
8.076000e+02, 1.500000e+01
8.082000e+02, 1.500000e+01
8.088000e+02, 1.500000e+01
8.094000e+02, 1.500000e+01
8.100000e+02, 1.500000e+01
8.106000e+02, 1.500000e+01
8.112000e+02, 1.500000e+01
8.118000e+02, 1.500000e+01
8.124000e+02, 1.500000e+01
8.130000e+02, 1.500000e+01
8.136000e+02, 1.500000e+01
8.142000e+02, 1.500000e+01
8.148000e+02, 1.500000e+01
8.154000e+02, 1.500000e+01
8.160000e+02, 1.500000e+01
8.166000e+02, 1.500000e+01
8.172000e+02, 1.500000e+01
8.178000e+02, 1.500000e+01
8.184000e+02, 1.500000e+01
8.190000e+02, 1.500000e+01
8.196000e+02, 1.500000e+01
8.202000e+02, 1.500000e+01
8.208000e+02, 1.500000e+01
8.214000e+02, 1.500000e+01
8.220000e+02, 1.500000e+01
8.226000e+02, 1.500000e+01
8.232000e+02, 1.500000e+01
8.238000e+02, 1.500000e+01
8.244000e+02, 1.500000e+01
8.250000e+02, 1.500000e+01
8.256000e+02, 1.500000e+01
8.262000e+02, 1.500000e+01
8.268000e+02, 1.500000e+01
8.274000e+02, 1.500000e+01
8.280000e+02, 1.500000e+01
8.286000e+02, 1.500000e+01
8.292000e+02, 1.500000e+01
8.298000e+02, 1.500000e+01
8.304000e+02, 1.500000e+01
8.310000e+02, 1.500000e+01
8.316000e+02, 1.500000e+01
8.322000e+02, 1.500000e+01
8.328000e+02, 1.500000e+01
8.334000e+02, 1.500000e+01
8.340000e+02, 1.500000e+01
8.346000e+02, 1.500000e+01
8.352000e+02, 1.500000e+01
8.358000e+02, 1.500000e+01
8.364000e+02, 1.500000e+01
8.370000e+02, 1.500000e+01
8.376000e+02, 1.500000e+01
8.382000e+02, 1.500000e+01
8.388000e+02, 1.500000e+01
8.394000e+02, 1.500000e+01
8.400000e+02, 1.500000e+01
8.406000e+02, 1.500000e+01
8.412000e+02, 1.500000e+01
8.418000e+02, 1.500000e+01
8.424000e+02, 1.500000e+01
8.430000e+02, 1.500000e+01
8.436000e+02, 1.500000e+01
8.442000e+02, 1.500000e+01
8.448000e+02, 1.500000e+01
8.454000e+02, 1.500000e+01
8.460000e+02, 1.500000e+01
8.466000e+02, 1.500000e+01
8.472000e+02, 1.500000e+01
8.478000e+02, 1.500000e+01
8.484000e+02, 1.500000e+01
8.490000e+02, 1.500000e+01
8.496000e+02, 1.500000e+01
8.502000e+02, 1.500000e+01
8.508000e+02, 1.500000e+01
8.514000e+02, 1.500000e+01
8.520000e+02, 1.500000e+01
8.526000e+02, 1.500000e+01
8.532000e+02, 1.500000e+01
8.538000e+02, 1.500000e+01
8.544000e+02, 1.500000e+01
8.550000e+02, 1.500000e+01
8.556000e+02, 1.500000e+01
8.562000e+02, 1.500000e+01
8.568000e+02, 1.500000e+01
8.574000e+02, 1.500000e+01
8.580000e+02, 1.500000e+01
8.586000e+02, 1.500000e+01
8.592000e+02, 1.500000e+01
8.598000e+02, 1.500000e+01
8.604000e+02, 1.500000e+01
8.610000e+02, 1.500000e+01
8.616000e+02, 1.500000e+01
8.622000e+02, 1.500000e+01
8.628000e+02, 1.500000e+01
8.634000e+02, 1.500000e+01
8.640000e+02, 1.500000e+01
8.646000e+02, 1.500000e+01
8.652000e+02, 1.500000e+01
8.658000e+02, 1.500000e+01
8.664000e+02, 1.500000e+01
8.670000e+02, 1.500000e+01
8.676000e+02, 1.500000e+01
8.682000e+02, 1.500000e+01
8.688000e+02, 1.500000e+01
8.694000e+02, 1.500000e+01
8.700000e+02, 1.500000e+01
8.706000e+02, 1.500000e+01
8.712000e+02, 1.500000e+01
8.718000e+02, 1.500000e+01
8.724000e+02, 1.500000e+01
8.730000e+02, 1.500000e+01
8.736000e+02, 1.500000e+01
8.742000e+02, 1.500000e+01
8.748000e+02, 1.500000e+01
8.754000e+02, 1.500000e+01
8.760000e+02, 1.500000e+01
8.766000e+02, 1.500000e+01
8.772000e+02, 1.500000e+01
8.778000e+02, 1.500000e+01
8.784000e+02, 1.500000e+01
8.790000e+02, 1.500000e+01
8.796000e+02, 1.500000e+01
8.802000e+02, 1.500000e+01
8.808000e+02, 1.500000e+01
8.814000e+02, 1.500000e+01
8.820000e+02, 1.500000e+01
8.826000e+02, 1.500000e+01
8.832000e+02, 1.500000e+01
8.838000e+02, 1.500000e+01
8.844000e+02, 1.500000e+01
8.850000e+02, 1.500000e+01
8.856000e+02, 1.500000e+01
8.862000e+02, 1.500000e+01
8.868000e+02, 1.500000e+01
8.874000e+02, 1.500000e+01
8.880000e+02, 1.500000e+01
8.886000e+02, 1.500000e+01
8.892000e+02, 1.500000e+01
8.898000e+02, 1.500000e+01
8.904000e+02, 1.500000e+01
8.910000e+02, 1.500000e+01
8.916000e+02, 1.500000e+01
8.922000e+02, 1.500000e+01
8.928000e+02, 1.500000e+01
8.934000e+02, 1.500000e+01
8.940000e+02, 1.500000e+01
8.946000e+02, 1.500000e+01
8.952000e+02, 1.500000e+01
8.958000e+02, 1.500000e+01
8.964000e+02, 1.500000e+01
8.970000e+02, 1.500000e+01
8.976000e+02, 1.500000e+01
8.982000e+02, 1.500000e+01
8.988000e+02, 1.500000e+01
8.994000e+02, 1.500000e+01
9.000000e+02, 1.500000e+01
9.006000e+02, 1.500000e+01
9.012000e+02, 1.500000e+01
9.018000e+02, 1.500000e+01
9.024000e+02, 1.500000e+01
9.030000e+02, 1.500000e+01
9.036000e+02, 1.500000e+01
9.042000e+02, 1.500000e+01
9.048000e+02, 1.500000e+01
9.054000e+02, 1.500000e+01
9.060000e+02, 1.500000e+01
9.066000e+02, 1.500000e+01
9.072000e+02, 1.500000e+01
9.078000e+02, 1.500000e+01
9.084000e+02, 1.500000e+01
9.090000e+02, 1.500000e+01
9.096000e+02, 1.500000e+01
9.102000e+02, 1.500000e+01
9.108000e+02, 1.500000e+01
9.114000e+02, 1.500000e+01
9.120000e+02, 1.500000e+01
9.126000e+02, 1.500000e+01
9.132000e+02, 1.500000e+01
9.138000e+02, 1.500000e+01
9.144000e+02, 1.500000e+01
9.150000e+02, 1.500000e+01
9.156000e+02, 1.500000e+01
9.162000e+02, 1.500000e+01
9.168000e+02, 1.500000e+01
9.174000e+02, 1.500000e+01
9.180000e+02, 1.500000e+01
9.186000e+02, 1.500000e+01
9.192000e+02, 1.500000e+01
9.198000e+02, 1.500000e+01
9.204000e+02, 1.500000e+01
9.210000e+02, 1.500000e+01
9.216000e+02, 1.500000e+01
9.222000e+02, 1.500000e+01
9.228000e+02, 1.500000e+01
9.234000e+02, 1.500000e+01
9.240000e+02, 1.500000e+01
9.246000e+02, 1.500000e+01
9.252000e+02, 1.500000e+01
9.258000e+02, 1.500000e+01
9.264000e+02, 1.500000e+01
9.270000e+02, 1.500000e+01
9.276000e+02, 1.500000e+01
9.282000e+02, 1.500000e+01
9.288000e+02, 1.500000e+01
9.294000e+02, 1.500000e+01
9.300000e+02, 1.500000e+01
9.306000e+02, 1.500000e+01
9.312000e+02, 1.500000e+01
9.318000e+02, 1.500000e+01
9.324000e+02, 1.500000e+01
9.330000e+02, 1.500000e+01
9.336000e+02, 1.500000e+01
9.342000e+02, 1.500000e+01
9.348000e+02, 1.500000e+01
9.354000e+02, 1.500000e+01
9.360000e+02, 1.500000e+01
9.366000e+02, 1.500000e+01
9.372000e+02, 1.500000e+01
9.378000e+02, 1.500000e+01
9.384000e+02, 1.500000e+01
9.390000e+02, 1.500000e+01
9.396000e+02, 1.500000e+01
9.402000e+02, 1.500000e+01
9.408000e+02, 1.500000e+01
9.414000e+02, 1.500000e+01
9.420000e+02, 1.500000e+01
9.426000e+02, 1.500000e+01
9.432000e+02, 1.500000e+01
9.438000e+02, 1.500000e+01
9.444000e+02, 1.500000e+01
9.450000e+02, 1.500000e+01
9.456000e+02, 1.500000e+01
9.462000e+02, 1.500000e+01
9.468000e+02, 1.500000e+01
9.474000e+02, 1.500000e+01
9.480000e+02, 1.500000e+01
9.486000e+02, 1.500000e+01
9.492000e+02, 1.500000e+01
9.498000e+02, 1.500000e+01
9.504000e+02, 1.500000e+01
9.510000e+02, 1.500000e+01
9.516000e+02, 1.500000e+01
9.522000e+02, 1.500000e+01
9.528000e+02, 1.500000e+01
9.534000e+02, 1.500000e+01
9.540000e+02, 1.500000e+01
9.546000e+02, 1.500000e+01
9.552000e+02, 1.500000e+01
9.558000e+02, 1.500000e+01
9.564000e+02, 1.500000e+01
9.570000e+02, 1.500000e+01
9.576000e+02, 1.500000e+01
9.582000e+02, 1.500000e+01
9.588000e+02, 1.500000e+01
9.594000e+02, 1.500000e+01
9.600000e+02, 1.500000e+01
9.606000e+02, 1.500000e+01
9.612000e+02, 1.500000e+01
9.618000e+02, 1.500000e+01
9.624000e+02, 1.500000e+01
9.630000e+02, 1.500000e+01
9.636000e+02, 1.500000e+01
9.642000e+02, 1.500000e+01
9.648000e+02, 1.500000e+01
9.654000e+02, 1.500000e+01
9.660000e+02, 1.500000e+01
9.666000e+02, 1.500000e+01
9.672000e+02, 1.500000e+01
9.678000e+02, 1.500000e+01
9.684000e+02, 1.500000e+01
9.690000e+02, 1.500000e+01
9.696000e+02, 1.500000e+01
9.702000e+02, 1.500000e+01
9.708000e+02, 1.500000e+01
9.714000e+02, 1.500000e+01
9.720000e+02, 1.500000e+01
9.726000e+02, 1.500000e+01
9.732000e+02, 1.500000e+01
9.738000e+02, 1.500000e+01
9.744000e+02, 1.500000e+01
9.750000e+02, 1.500000e+01
9.756000e+02, 1.500000e+01
9.762000e+02, 1.500000e+01
9.768000e+02, 1.500000e+01
9.774000e+02, 1.500000e+01
9.780000e+02, 1.500000e+01
9.786000e+02, 1.500000e+01
9.792000e+02, 1.500000e+01
9.798000e+02, 1.500000e+01
9.804000e+02, 1.500000e+01
9.810000e+02, 1.500000e+01
9.816000e+02, 1.500000e+01
9.822000e+02, 1.500000e+01
9.828000e+02, 1.500000e+01
9.834000e+02, 1.500000e+01
9.840000e+02, 1.500000e+01
9.846000e+02, 1.500000e+01
9.852000e+02, 1.500000e+01
9.858000e+02, 1.500000e+01
9.864000e+02, 1.500000e+01
9.870000e+02, 1.500000e+01
9.876000e+02, 1.500000e+01
9.882000e+02, 1.500000e+01
9.888000e+02, 1.500000e+01
9.894000e+02, 1.500000e+01
9.900000e+02, 1.500000e+01
9.906000e+02, 1.500000e+01
9.912000e+02, 1.500000e+01
9.918000e+02, 1.500000e+01
9.924000e+02, 1.500000e+01
9.930000e+02, 1.500000e+01
9.936000e+02, 1.500000e+01
9.942000e+02, 1.500000e+01
9.948000e+02, 1.500000e+01
9.954000e+02, 1.500000e+01
9.960000e+02, 1.500000e+01
9.966000e+02, 1.500000e+01
9.972000e+02, 1.500000e+01
9.978000e+02, 1.500000e+01
9.984000e+02, 1.500000e+01
9.990000e+02, 1.500000e+01
9.996000e+02, 1.500000e+01
1.000200e+03, 1.500000e+01
1.000800e+03, 1.500000e+01
1.001400e+03, 1.500000e+01
1.002000e+03, 1.500000e+01
1.002600e+03, 1.500000e+01
1.003200e+03, 1.500000e+01
1.003800e+03, 1.500000e+01
1.004400e+03, 1.500000e+01
1.005000e+03, 1.500000e+01
1.005600e+03, 1.500000e+01
1.006200e+03, 1.500000e+01
1.006800e+03, 1.500000e+01
1.007400e+03, 1.500000e+01
1.008000e+03, 1.500000e+01
1.008600e+03, 1.500000e+01
1.009200e+03, 1.500000e+01
1.009800e+03, 1.500000e+01
1.010400e+03, 1.500000e+01
1.011000e+03, 1.500000e+01
1.011600e+03, 1.500000e+01
1.012200e+03, 1.500000e+01
1.012800e+03, 1.500000e+01
1.013400e+03, 1.500000e+01
1.014000e+03, 1.500000e+01
1.014600e+03, 1.500000e+01
1.015200e+03, 1.500000e+01
1.015800e+03, 1.500000e+01
1.016400e+03, 1.500000e+01
1.017000e+03, 1.500000e+01
1.017600e+03, 1.500000e+01
1.018200e+03, 1.500000e+01
1.018800e+03, 1.500000e+01
1.019400e+03, 1.500000e+01
1.020000e+03, 1.500000e+01
1.020600e+03, 1.500000e+01
1.021200e+03, 1.500000e+01
1.021800e+03, 1.500000e+01
1.022400e+03, 1.500000e+01
1.023000e+03, 1.500000e+01
1.023600e+03, 1.500000e+01
1.024200e+03, 1.500000e+01
1.024800e+03, 1.500000e+01
1.025400e+03, 1.500000e+01
1.026000e+03, 1.500000e+01
1.026600e+03, 1.500000e+01
1.027200e+03, 1.500000e+01
1.027800e+03, 1.500000e+01
1.028400e+03, 1.500000e+01
1.029000e+03, 1.500000e+01
1.029600e+03, 1.500000e+01
1.030200e+03, 1.500000e+01
1.030800e+03, 1.500000e+01
1.031400e+03, 1.500000e+01
1.032000e+03, 1.500000e+01
1.032600e+03, 1.500000e+01
1.033200e+03, 1.500000e+01
1.033800e+03, 1.500000e+01
1.034400e+03, 1.500000e+01
1.035000e+03, 1.500000e+01
1.035600e+03, 1.500000e+01
1.036200e+03, 1.500000e+01
1.036800e+03, 1.500000e+01
1.037400e+03, 1.500000e+01
1.038000e+03, 1.500000e+01
1.038600e+03, 1.500000e+01
1.039200e+03, 1.500000e+01
1.039800e+03, 1.500000e+01
1.040400e+03, 1.500000e+01
1.041000e+03, 1.500000e+01
1.041600e+03, 1.500000e+01
1.042200e+03, 1.500000e+01
1.042800e+03, 1.500000e+01
1.043400e+03, 1.500000e+01
1.044000e+03, 1.500000e+01
1.044600e+03, 1.500000e+01
1.045200e+03, 1.500000e+01
1.045800e+03, 1.500000e+01
1.046400e+03, 1.500000e+01
1.047000e+03, 1.500000e+01
1.047600e+03, 1.500000e+01
1.048200e+03, 1.500000e+01
1.048800e+03, 1.500000e+01
1.049400e+03, 1.500000e+01
1.050000e+03, 1.500000e+01
1.050600e+03, 1.500000e+01
1.051200e+03, 1.500000e+01
1.051800e+03, 1.500000e+01
1.052400e+03, 1.500000e+01
1.053000e+03, 1.500000e+01
1.053600e+03, 1.500000e+01
1.054200e+03, 1.500000e+01
1.054800e+03, 1.500000e+01
1.055400e+03, 1.500000e+01
1.056000e+03, 1.500000e+01
1.056600e+03, 1.500000e+01
1.057200e+03, 1.500000e+01
1.057800e+03, 1.500000e+01
1.058400e+03, 1.500000e+01
1.059000e+03, 1.500000e+01
1.059600e+03, 1.500000e+01
1.060200e+03, 1.500000e+01
1.060800e+03, 1.500000e+01
1.061400e+03, 1.500000e+01
1.062000e+03, 1.500000e+01
1.062600e+03, 1.500000e+01
1.063200e+03, 1.500000e+01
1.063800e+03, 1.500000e+01
1.064400e+03, 1.500000e+01
1.065000e+03, 1.500000e+01
1.065600e+03, 1.500000e+01
1.066200e+03, 1.500000e+01
1.066800e+03, 1.500000e+01
1.067400e+03, 1.500000e+01
1.068000e+03, 1.500000e+01
1.068600e+03, 1.500000e+01
1.069200e+03, 1.500000e+01
1.069800e+03, 1.500000e+01
1.070400e+03, 1.500000e+01
1.071000e+03, 1.500000e+01
1.071600e+03, 1.500000e+01
1.072200e+03, 1.500000e+01
1.072800e+03, 1.500000e+01
1.073400e+03, 1.500000e+01
1.074000e+03, 1.500000e+01
1.074600e+03, 1.500000e+01
1.075200e+03, 1.500000e+01
1.075800e+03, 1.500000e+01
1.076400e+03, 1.500000e+01
1.077000e+03, 1.500000e+01
1.077600e+03, 1.500000e+01
1.078200e+03, 1.500000e+01
1.078800e+03, 1.500000e+01
1.079400e+03, 1.500000e+01
1.080000e+03, 1.500000e+01
1.080600e+03, 1.500000e+01
1.081200e+03, 1.500000e+01
1.081800e+03, 1.500000e+01
1.082400e+03, 1.500000e+01
1.083000e+03, 1.500000e+01
1.083600e+03, 1.500000e+01
1.084200e+03, 1.500000e+01
1.084800e+03, 1.500000e+01
1.085400e+03, 1.500000e+01
1.086000e+03, 1.500000e+01
1.086600e+03, 1.500000e+01
1.087200e+03, 1.500000e+01
1.087206e+03, 1.500000e+01
