time,current
0.000000e+00, 1.000000e+01
6.000000e+00, 1.000000e+01
1.200000e+01, 1.000000e+01
1.800000e+01, 1.000000e+01
2.400000e+01, 1.000000e+01
3.000000e+01, 1.000000e+01
3.600000e+01, 1.000000e+01
4.200000e+01, 1.000000e+01
4.800000e+01, 1.000000e+01
5.400000e+01, 1.000000e+01
6.000000e+01, 1.000000e+01
6.600000e+01, 1.000000e+01
7.200000e+01, 1.000000e+01
7.800000e+01, 1.000000e+01
8.400000e+01, 1.000000e+01
9.000000e+01, 1.000000e+01
9.600000e+01, 1.000000e+01
1.020000e+02, 1.000000e+01
1.080000e+02, 1.000000e+01
1.140000e+02, 1.000000e+01
1.200000e+02, 1.000000e+01
1.260000e+02, 1.000000e+01
1.320000e+02, 1.000000e+01
1.380000e+02, 1.000000e+01
1.440000e+02, 1.000000e+01
1.500000e+02, 1.000000e+01
1.560000e+02, 1.000000e+01
1.620000e+02, 1.000000e+01
1.680000e+02, 1.000000e+01
1.740000e+02, 1.000000e+01
1.800000e+02, 1.000000e+01
1.860000e+02, 1.000000e+01
1.920000e+02, 1.000000e+01
1.980000e+02, 1.000000e+01
2.040000e+02, 1.000000e+01
2.100000e+02, 1.000000e+01
2.160000e+02, 1.000000e+01
2.220000e+02, 1.000000e+01
2.280000e+02, 1.000000e+01
2.340000e+02, 1.000000e+01
2.400000e+02, 1.000000e+01
2.460000e+02, 1.000000e+01
2.520000e+02, 1.000000e+01
2.580000e+02, 1.000000e+01
2.640000e+02, 1.000000e+01
2.700000e+02, 1.000000e+01
2.760000e+02, 1.000000e+01
2.820000e+02, 1.000000e+01
2.880000e+02, 1.000000e+01
2.940000e+02, 1.000000e+01
3.000000e+02, 1.000000e+01
3.060000e+02, 1.000000e+01
3.120000e+02, 1.000000e+01
3.180000e+02, 1.000000e+01
3.240000e+02, 1.000000e+01
3.300000e+02, 1.000000e+01
3.360000e+02, 1.000000e+01
3.420000e+02, 1.000000e+01
3.480000e+02, 1.000000e+01
3.540000e+02, 1.000000e+01
3.600000e+02, 1.000000e+01
3.660000e+02, 1.000000e+01
3.720000e+02, 1.000000e+01
3.780000e+02, 1.000000e+01
3.840000e+02, 1.000000e+01
3.900000e+02, 1.000000e+01
3.960000e+02, 1.000000e+01
4.020000e+02, 1.000000e+01
4.080000e+02, 1.000000e+01
4.140000e+02, 1.000000e+01
4.200000e+02, 1.000000e+01
4.260000e+02, 1.000000e+01
4.320000e+02, 1.000000e+01
4.380000e+02, 1.000000e+01
4.440000e+02, 1.000000e+01
4.500000e+02, 1.000000e+01
4.560000e+02, 1.000000e+01
4.620000e+02, 1.000000e+01
4.680000e+02, 1.000000e+01
4.740000e+02, 1.000000e+01
4.800000e+02, 1.000000e+01
4.860000e+02, 1.000000e+01
4.920000e+02, 1.000000e+01
4.980000e+02, 1.000000e+01
5.040000e+02, 1.000000e+01
5.100000e+02, 1.000000e+01
5.160000e+02, 1.000000e+01
5.220000e+02, 1.000000e+01
5.280000e+02, 1.000000e+01
5.340000e+02, 1.000000e+01
5.400000e+02, 1.000000e+01
5.460000e+02, 1.000000e+01
5.520000e+02, 1.000000e+01
5.580000e+02, 1.000000e+01
5.640000e+02, 1.000000e+01
5.700000e+02, 1.000000e+01
5.760000e+02, 1.000000e+01
5.820000e+02, 1.000000e+01
5.880000e+02, 1.000000e+01
5.940000e+02, 1.000000e+01
6.000000e+02, 1.000000e+01
6.060000e+02, 1.000000e+01
6.120000e+02, 1.000000e+01
6.180000e+02, 1.000000e+01
6.240000e+02, 1.000000e+01
6.300000e+02, 1.000000e+01
6.360000e+02, 1.000000e+01
6.420000e+02, 1.000000e+01
6.480000e+02, 1.000000e+01
6.540000e+02, 1.000000e+01
6.600000e+02, 1.000000e+01
6.660000e+02, 1.000000e+01
6.720000e+02, 1.000000e+01
6.780000e+02, 1.000000e+01
6.840000e+02, 1.000000e+01
6.900000e+02, 1.000000e+01
6.960000e+02, 1.000000e+01
7.020000e+02, 1.000000e+01
7.080000e+02, 1.000000e+01
7.140000e+02, 1.000000e+01
7.200000e+02, 1.000000e+01
7.260000e+02, 1.000000e+01
7.320000e+02, 1.000000e+01
7.380000e+02, 1.000000e+01
7.440000e+02, 1.000000e+01
7.500000e+02, 1.000000e+01
7.560000e+02, 1.000000e+01
7.620000e+02, 1.000000e+01
7.680000e+02, 1.000000e+01
7.740000e+02, 1.000000e+01
7.800000e+02, 1.000000e+01
7.860000e+02, 1.000000e+01
7.920000e+02, 1.000000e+01
7.980000e+02, 1.000000e+01
8.040000e+02, 1.000000e+01
8.100000e+02, 1.000000e+01
8.160000e+02, 1.000000e+01
8.220000e+02, 1.000000e+01
8.280000e+02, 1.000000e+01
8.340000e+02, 1.000000e+01
8.400000e+02, 1.000000e+01
8.460000e+02, 1.000000e+01
8.520000e+02, 1.000000e+01
8.580000e+02, 1.000000e+01
8.640000e+02, 1.000000e+01
8.700000e+02, 1.000000e+01
8.760000e+02, 1.000000e+01
8.820000e+02, 1.000000e+01
8.880000e+02, 1.000000e+01
8.940000e+02, 1.000000e+01
9.000000e+02, 1.000000e+01
9.060000e+02, 1.000000e+01
9.120000e+02, 1.000000e+01
9.180000e+02, 1.000000e+01
9.240000e+02, 1.000000e+01
9.300000e+02, 1.000000e+01
9.360000e+02, 1.000000e+01
9.420000e+02, 1.000000e+01
9.480000e+02, 1.000000e+01
9.540000e+02, 1.000000e+01
9.600000e+02, 1.000000e+01
9.660000e+02, 1.000000e+01
9.720000e+02, 1.000000e+01
9.780000e+02, 1.000000e+01
9.840000e+02, 1.000000e+01
9.900000e+02, 1.000000e+01
9.960000e+02, 1.000000e+01
1.002000e+03, 1.000000e+01
1.008000e+03, 1.000000e+01
1.014000e+03, 1.000000e+01
1.020000e+03, 1.000000e+01
1.026000e+03, 1.000000e+01
1.032000e+03, 1.000000e+01
1.038000e+03, 1.000000e+01
1.044000e+03, 1.000000e+01
1.050000e+03, 1.000000e+01
1.056000e+03, 1.000000e+01
1.062000e+03, 1.000000e+01
1.068000e+03, 1.000000e+01
1.074000e+03, 1.000000e+01
1.080000e+03, 1.000000e+01
1.086000e+03, 1.000000e+01
1.092000e+03, 1.000000e+01
1.098000e+03, 1.000000e+01
1.104000e+03, 1.000000e+01
1.110000e+03, 1.000000e+01
1.116000e+03, 1.000000e+01
1.122000e+03, 1.000000e+01
1.128000e+03, 1.000000e+01
1.134000e+03, 1.000000e+01
1.140000e+03, 1.000000e+01
1.146000e+03, 1.000000e+01
1.152000e+03, 1.000000e+01
1.158000e+03, 1.000000e+01
1.164000e+03, 1.000000e+01
1.170000e+03, 1.000000e+01
1.176000e+03, 1.000000e+01
1.182000e+03, 1.000000e+01
1.188000e+03, 1.000000e+01
1.194000e+03, 1.000000e+01
1.200000e+03, 1.000000e+01
1.206000e+03, 1.000000e+01
1.212000e+03, 1.000000e+01
1.218000e+03, 1.000000e+01
1.224000e+03, 1.000000e+01
1.230000e+03, 1.000000e+01
1.236000e+03, 1.000000e+01
1.242000e+03, 1.000000e+01
1.248000e+03, 1.000000e+01
1.254000e+03, 1.000000e+01
1.260000e+03, 1.000000e+01
1.266000e+03, 1.000000e+01
1.272000e+03, 1.000000e+01
1.278000e+03, 1.000000e+01
1.284000e+03, 1.000000e+01
1.290000e+03, 1.000000e+01
1.296000e+03, 1.000000e+01
1.302000e+03, 1.000000e+01
1.308000e+03, 1.000000e+01
1.314000e+03, 1.000000e+01
1.320000e+03, 1.000000e+01
1.326000e+03, 1.000000e+01
1.332000e+03, 1.000000e+01
1.338000e+03, 1.000000e+01
1.344000e+03, 1.000000e+01
1.350000e+03, 1.000000e+01
1.356000e+03, 1.000000e+01
1.362000e+03, 1.000000e+01
1.368000e+03, 1.000000e+01
1.374000e+03, 1.000000e+01
1.380000e+03, 1.000000e+01
1.386000e+03, 1.000000e+01
1.392000e+03, 1.000000e+01
1.398000e+03, 1.000000e+01
1.404000e+03, 1.000000e+01
1.410000e+03, 1.000000e+01
1.416000e+03, 1.000000e+01
1.422000e+03, 1.000000e+01
1.428000e+03, 1.000000e+01
1.434000e+03, 1.000000e+01
1.440000e+03, 1.000000e+01
1.446000e+03, 1.000000e+01
1.452000e+03, 1.000000e+01
1.458000e+03, 1.000000e+01
1.464000e+03, 1.000000e+01
1.470000e+03, 1.000000e+01
1.476000e+03, 1.000000e+01
1.482000e+03, 1.000000e+01
1.488000e+03, 1.000000e+01
1.494000e+03, 1.000000e+01
1.500000e+03, 1.000000e+01
1.506000e+03, 1.000000e+01
1.512000e+03, 1.000000e+01
1.518000e+03, 1.000000e+01
1.524000e+03, 1.000000e+01
1.530000e+03, 1.000000e+01
1.536000e+03, 1.000000e+01
1.542000e+03, 1.000000e+01
1.548000e+03, 1.000000e+01
1.554000e+03, 1.000000e+01
1.560000e+03, 1.000000e+01
1.566000e+03, 1.000000e+01
1.572000e+03, 1.000000e+01
1.578000e+03, 1.000000e+01
1.584000e+03, 1.000000e+01
1.590000e+03, 1.000000e+01
1.596000e+03, 1.000000e+01
1.602000e+03, 1.000000e+01
1.608000e+03, 1.000000e+01
1.614000e+03, 1.000000e+01
1.620000e+03, 1.000000e+01
1.626000e+03, 1.000000e+01
1.632000e+03, 1.000000e+01
1.638000e+03, 1.000000e+01
1.644000e+03, 1.000000e+01
1.650000e+03, 1.000000e+01
1.656000e+03, 1.000000e+01
1.662000e+03, 1.000000e+01
1.668000e+03, 1.000000e+01
1.674000e+03, 1.000000e+01
1.680000e+03, 1.000000e+01
1.686000e+03, 1.000000e+01
1.692000e+03, 1.000000e+01
1.698000e+03, 1.000000e+01
1.704000e+03, 1.000000e+01
1.710000e+03, 1.000000e+01
1.716000e+03, 1.000000e+01
1.722000e+03, 1.000000e+01
1.728000e+03, 1.000000e+01
1.734000e+03, 1.000000e+01
1.735989e+03, 1.000000e+01
1.741989e+03, 0.000000e+00
1.747989e+03, 0.000000e+00
1.753989e+03, 0.000000e+00
1.759989e+03, 0.000000e+00
1.765989e+03, 0.000000e+00
1.771989e+03, 0.000000e+00
1.777989e+03, 0.000000e+00
1.783989e+03, 0.000000e+00
1.789989e+03, 0.000000e+00
1.795989e+03, 0.000000e+00
1.801989e+03, 0.000000e+00
1.807989e+03, 0.000000e+00
1.813989e+03, 0.000000e+00
1.819989e+03, 0.000000e+00
1.825989e+03, 0.000000e+00
1.831989e+03, 0.000000e+00
1.837989e+03, 0.000000e+00
1.843989e+03, 0.000000e+00
1.849989e+03, 0.000000e+00
1.855989e+03, 0.000000e+00
1.861989e+03, 0.000000e+00
1.867989e+03, 0.000000e+00
1.873989e+03, 0.000000e+00
1.879989e+03, 0.000000e+00
1.885989e+03, 0.000000e+00
1.891989e+03, 0.000000e+00
1.897989e+03, 0.000000e+00
1.903989e+03, 0.000000e+00
1.909989e+03, 0.000000e+00
1.915989e+03, 0.000000e+00
1.921989e+03, 0.000000e+00
1.927989e+03, 0.000000e+00
1.933989e+03, 0.000000e+00
1.939989e+03, 0.000000e+00
1.945989e+03, 0.000000e+00
1.951989e+03, 0.000000e+00
1.957989e+03, 0.000000e+00
1.963989e+03, 0.000000e+00
1.969989e+03, 0.000000e+00
1.975989e+03, 0.000000e+00
1.981989e+03, 0.000000e+00
1.987989e+03, 0.000000e+00
1.993989e+03, 0.000000e+00
1.999989e+03, 0.000000e+00
2.005989e+03, 0.000000e+00
2.011989e+03, 0.000000e+00
2.017989e+03, 0.000000e+00
2.023989e+03, 0.000000e+00
2.029989e+03, 0.000000e+00
2.035989e+03, 0.000000e+00
2.041989e+03, 0.000000e+00
2.047989e+03, 0.000000e+00
2.053989e+03, 0.000000e+00
2.059989e+03, 0.000000e+00
2.065989e+03, 0.000000e+00
2.071989e+03, 0.000000e+00
2.077989e+03, 0.000000e+00
2.083989e+03, 0.000000e+00
2.089989e+03, 0.000000e+00
2.095989e+03, 0.000000e+00
2.101989e+03, 0.000000e+00
2.107989e+03, 0.000000e+00
2.113989e+03, 0.000000e+00
2.119989e+03, 0.000000e+00
2.125989e+03, 0.000000e+00
2.131989e+03, 0.000000e+00
2.137989e+03, 0.000000e+00
2.143989e+03, 0.000000e+00
2.149989e+03, 0.000000e+00
2.155989e+03, 0.000000e+00
2.161989e+03, 0.000000e+00
2.167989e+03, 0.000000e+00
2.173989e+03, 0.000000e+00
2.179989e+03, 0.000000e+00
2.185989e+03, 0.000000e+00
2.191989e+03, 0.000000e+00
2.197989e+03, 0.000000e+00
2.203989e+03, 0.000000e+00
2.209989e+03, 0.000000e+00
2.215989e+03, 0.000000e+00
2.221989e+03, 0.000000e+00
2.227989e+03, 0.000000e+00
2.233989e+03, 0.000000e+00
2.239989e+03, 0.000000e+00
2.245989e+03, 0.000000e+00
2.251989e+03, 0.000000e+00
2.257989e+03, 0.000000e+00
2.263989e+03, 0.000000e+00
2.269989e+03, 0.000000e+00
2.275989e+03, 0.000000e+00
2.281989e+03, 0.000000e+00
2.287989e+03, 0.000000e+00
2.293989e+03, 0.000000e+00
2.299989e+03, 0.000000e+00
2.305989e+03, 0.000000e+00
2.311989e+03, 0.000000e+00
2.317989e+03, 0.000000e+00
2.323989e+03, 0.000000e+00
2.329989e+03, 0.000000e+00
2.335989e+03, 0.000000e+00
2.341989e+03, 0.000000e+00
2.347989e+03, 0.000000e+00
2.353989e+03, 0.000000e+00
2.359989e+03, 0.000000e+00
2.365989e+03, 0.000000e+00
2.371989e+03, 0.000000e+00
2.377989e+03, 0.000000e+00
2.383989e+03, 0.000000e+00
2.389989e+03, 0.000000e+00
2.395989e+03, 0.000000e+00
2.401989e+03, 0.000000e+00
2.407989e+03, 0.000000e+00
2.413989e+03, 0.000000e+00
2.419989e+03, 0.000000e+00
2.425989e+03, 0.000000e+00
2.431989e+03, 0.000000e+00
2.437989e+03, 0.000000e+00
2.443989e+03, 0.000000e+00
2.449989e+03, 0.000000e+00
2.455989e+03, 0.000000e+00
2.461989e+03, 0.000000e+00
2.467989e+03, 0.000000e+00
2.473989e+03, 0.000000e+00
2.479989e+03, 0.000000e+00
2.485989e+03, 0.000000e+00
2.491989e+03, 0.000000e+00
2.497989e+03, 0.000000e+00
2.503989e+03, 0.000000e+00
2.509989e+03, 0.000000e+00
2.515989e+03, 0.000000e+00
2.521989e+03, 0.000000e+00
2.527989e+03, 0.000000e+00
2.533989e+03, 0.000000e+00
2.539989e+03, 0.000000e+00
2.545989e+03, 0.000000e+00
2.551989e+03, 0.000000e+00
2.557989e+03, 0.000000e+00
2.563989e+03, 0.000000e+00
2.569989e+03, 0.000000e+00
2.575989e+03, 0.000000e+00
2.581989e+03, 0.000000e+00
2.587989e+03, 0.000000e+00
2.593989e+03, 0.000000e+00
2.599989e+03, 0.000000e+00
2.605989e+03, 0.000000e+00
2.611989e+03, 0.000000e+00
2.617989e+03, 0.000000e+00
2.623989e+03, 0.000000e+00
2.629989e+03, 0.000000e+00
2.635989e+03, 0.000000e+00
2.641989e+03, 0.000000e+00
2.647989e+03, 0.000000e+00
2.653989e+03, 0.000000e+00
2.659989e+03, 0.000000e+00
2.665989e+03, 0.000000e+00
2.671989e+03, 0.000000e+00
2.677989e+03, 0.000000e+00
2.683989e+03, 0.000000e+00
2.689989e+03, 0.000000e+00
2.695989e+03, 0.000000e+00
2.701989e+03, 0.000000e+00
2.707989e+03, 0.000000e+00
2.713989e+03, 0.000000e+00
2.719989e+03, 0.000000e+00
2.725989e+03, 0.000000e+00
2.731989e+03, 0.000000e+00
2.737989e+03, 0.000000e+00
2.743989e+03, 0.000000e+00
2.749989e+03, 0.000000e+00
2.755989e+03, 0.000000e+00
2.761989e+03, 0.000000e+00
2.767989e+03, 0.000000e+00
2.773989e+03, 0.000000e+00
2.779989e+03, 0.000000e+00
2.785989e+03, 0.000000e+00
2.791989e+03, 0.000000e+00
2.797989e+03, 0.000000e+00
2.803989e+03, 0.000000e+00
2.809989e+03, 0.000000e+00
2.815989e+03, 0.000000e+00
2.821989e+03, 0.000000e+00
2.827989e+03, 0.000000e+00
2.833989e+03, 0.000000e+00
2.839989e+03, 0.000000e+00
2.845989e+03, 0.000000e+00
2.851989e+03, 0.000000e+00
2.857989e+03, 0.000000e+00
2.863989e+03, 0.000000e+00
2.869989e+03, 0.000000e+00
2.875989e+03, 0.000000e+00
2.881989e+03, 0.000000e+00
2.887989e+03, 0.000000e+00
2.893989e+03, 0.000000e+00
2.899989e+03, 0.000000e+00
2.905989e+03, 0.000000e+00
2.911989e+03, 0.000000e+00
2.917989e+03, 0.000000e+00
2.923989e+03, 0.000000e+00
2.929989e+03, 0.000000e+00
2.935989e+03, 0.000000e+00
2.941989e+03, 0.000000e+00
2.947989e+03, 0.000000e+00
2.953989e+03, 0.000000e+00
2.959989e+03, 0.000000e+00
2.965989e+03, 0.000000e+00
2.971989e+03, 0.000000e+00
2.977989e+03, 0.000000e+00
2.983989e+03, 0.000000e+00
2.989989e+03, 0.000000e+00
2.995989e+03, 0.000000e+00
3.001989e+03, 0.000000e+00
3.007989e+03, 0.000000e+00
3.013989e+03, 0.000000e+00
3.019989e+03, 0.000000e+00
3.025989e+03, 0.000000e+00
3.031989e+03, 0.000000e+00
3.037989e+03, 0.000000e+00
3.043989e+03, 0.000000e+00
3.049989e+03, 0.000000e+00
3.055989e+03, 0.000000e+00
3.061989e+03, 0.000000e+00
3.067989e+03, 0.000000e+00
3.073989e+03, 0.000000e+00
3.079989e+03, 0.000000e+00
3.085989e+03, 0.000000e+00
3.091989e+03, 0.000000e+00
3.097989e+03, 0.000000e+00
3.103989e+03, 0.000000e+00
3.109989e+03, 0.000000e+00
3.115989e+03, 0.000000e+00
3.121989e+03, 0.000000e+00
3.127989e+03, 0.000000e+00
3.133989e+03, 0.000000e+00
3.139989e+03, 0.000000e+00
3.145989e+03, 0.000000e+00
3.151989e+03, 0.000000e+00
3.157989e+03, 0.000000e+00
3.163989e+03, 0.000000e+00
3.169989e+03, 0.000000e+00
3.175989e+03, 0.000000e+00
3.181989e+03, 0.000000e+00
3.187989e+03, 0.000000e+00
3.193989e+03, 0.000000e+00
3.199989e+03, 0.000000e+00
3.205989e+03, 0.000000e+00
3.211989e+03, 0.000000e+00
3.217989e+03, 0.000000e+00
3.223989e+03, 0.000000e+00
3.229989e+03, 0.000000e+00
3.235989e+03, 0.000000e+00
3.241989e+03, 0.000000e+00
3.247989e+03, 0.000000e+00
3.253989e+03, 0.000000e+00
3.259989e+03, 0.000000e+00
3.265989e+03, 0.000000e+00
3.271989e+03, 0.000000e+00
3.277989e+03, 0.000000e+00
3.283989e+03, 0.000000e+00
3.289989e+03, 0.000000e+00
3.295989e+03, 0.000000e+00
3.301989e+03, 0.000000e+00
3.307989e+03, 0.000000e+00
3.313989e+03, 0.000000e+00
3.319989e+03, 0.000000e+00
3.325989e+03, 0.000000e+00
3.331989e+03, 0.000000e+00
3.337989e+03, 0.000000e+00
3.343989e+03, 0.000000e+00
3.349989e+03, 0.000000e+00
3.355989e+03, 0.000000e+00
3.361989e+03, 0.000000e+00
3.367989e+03, 0.000000e+00
3.373989e+03, 0.000000e+00
3.379989e+03, 0.000000e+00
3.385989e+03, 0.000000e+00
3.391989e+03, 0.000000e+00
3.397989e+03, 0.000000e+00
3.403989e+03, 0.000000e+00
3.409989e+03, 0.000000e+00
3.415989e+03, 0.000000e+00
3.421989e+03, 0.000000e+00
3.427989e+03, 0.000000e+00
3.433989e+03, 0.000000e+00
3.439989e+03, 0.000000e+00
3.445989e+03, 0.000000e+00
3.451989e+03, 0.000000e+00
3.457989e+03, 0.000000e+00
3.463989e+03, 0.000000e+00
3.469989e+03, 0.000000e+00
3.475989e+03, 0.000000e+00
3.481989e+03, 0.000000e+00
3.487989e+03, 0.000000e+00
3.493989e+03, 0.000000e+00
3.499989e+03, 0.000000e+00
3.505989e+03, 0.000000e+00
3.511989e+03, 0.000000e+00
3.517989e+03, 0.000000e+00
3.523989e+03, 0.000000e+00
3.529989e+03, 0.000000e+00
3.535989e+03, 0.000000e+00
3.541989e+03, 0.000000e+00
3.547989e+03, 0.000000e+00
3.553989e+03, 0.000000e+00
3.559989e+03, 0.000000e+00
3.565989e+03, 0.000000e+00
3.571989e+03, 0.000000e+00
3.577989e+03, 0.000000e+00
3.583989e+03, 0.000000e+00
3.589989e+03, 0.000000e+00
3.595989e+03, 0.000000e+00
3.601989e+03, 0.000000e+00
3.607989e+03, 0.000000e+00
3.613989e+03, 0.000000e+00
3.619989e+03, 0.000000e+00
3.625989e+03, 0.000000e+00
3.631989e+03, 0.000000e+00
3.637989e+03, 0.000000e+00
3.643989e+03, 0.000000e+00
3.649989e+03, 0.000000e+00
3.655989e+03, 0.000000e+00
3.661989e+03, 0.000000e+00
3.667989e+03, 0.000000e+00
3.673989e+03, 0.000000e+00
3.679989e+03, 0.000000e+00
3.685989e+03, 0.000000e+00
3.691989e+03, 0.000000e+00
3.697989e+03, 0.000000e+00
3.703989e+03, 0.000000e+00
3.709989e+03, 0.000000e+00
3.715989e+03, 0.000000e+00
3.721989e+03, 0.000000e+00
3.727989e+03, 0.000000e+00
3.733989e+03, 0.000000e+00
3.739989e+03, 0.000000e+00
3.745989e+03, 0.000000e+00
3.751989e+03, 0.000000e+00
3.757989e+03, 0.000000e+00
3.763989e+03, 0.000000e+00
3.769989e+03, 0.000000e+00
3.775989e+03, 0.000000e+00
3.781989e+03, 0.000000e+00
3.787989e+03, 0.000000e+00
3.793989e+03, 0.000000e+00
3.799989e+03, 0.000000e+00
3.805989e+03, 0.000000e+00
3.811989e+03, 0.000000e+00
3.817989e+03, 0.000000e+00
3.823989e+03, 0.000000e+00
3.829989e+03, 0.000000e+00
3.835989e+03, 0.000000e+00
3.841989e+03, 0.000000e+00
3.847989e+03, 0.000000e+00
3.853989e+03, 0.000000e+00
3.859989e+03, 0.000000e+00
3.865989e+03, 0.000000e+00
3.871989e+03, 0.000000e+00
3.877989e+03, 0.000000e+00
3.883989e+03, 0.000000e+00
3.889989e+03, 0.000000e+00
3.895989e+03, 0.000000e+00
3.901989e+03, 0.000000e+00
3.907989e+03, 0.000000e+00
3.913989e+03, 0.000000e+00
3.919989e+03, 0.000000e+00
3.925989e+03, 0.000000e+00
3.931989e+03, 0.000000e+00
3.937989e+03, 0.000000e+00
3.943989e+03, 0.000000e+00
3.949989e+03, 0.000000e+00
3.955989e+03, 0.000000e+00
3.961989e+03, 0.000000e+00
3.967989e+03, 0.000000e+00
3.973989e+03, 0.000000e+00
3.979989e+03, 0.000000e+00
3.985989e+03, 0.000000e+00
3.991989e+03, 0.000000e+00
3.997989e+03, 0.000000e+00
4.003989e+03, 0.000000e+00
4.009989e+03, 0.000000e+00
4.015989e+03, 0.000000e+00
4.021989e+03, 0.000000e+00
4.027989e+03, 0.000000e+00
4.033989e+03, 0.000000e+00
4.039989e+03, 0.000000e+00
4.045989e+03, 0.000000e+00
4.051989e+03, 0.000000e+00
4.057989e+03, 0.000000e+00
4.063989e+03, 0.000000e+00
4.069989e+03, 0.000000e+00
4.075989e+03, 0.000000e+00
4.081989e+03, 0.000000e+00
4.087989e+03, 0.000000e+00
4.093989e+03, 0.000000e+00
4.099989e+03, 0.000000e+00
4.105989e+03, 0.000000e+00
4.111989e+03, 0.000000e+00
4.117989e+03, 0.000000e+00
4.123989e+03, 0.000000e+00
4.129989e+03, 0.000000e+00
4.135989e+03, 0.000000e+00
4.141989e+03, 0.000000e+00
4.147989e+03, 0.000000e+00
4.153989e+03, 0.000000e+00
4.159989e+03, 0.000000e+00
4.165989e+03, 0.000000e+00
4.171989e+03, 0.000000e+00
4.177989e+03, 0.000000e+00
4.183989e+03, 0.000000e+00
4.189989e+03, 0.000000e+00
4.195989e+03, 0.000000e+00
4.201989e+03, 0.000000e+00
4.207989e+03, 0.000000e+00
4.213989e+03, 0.000000e+00
4.219989e+03, 0.000000e+00
4.225989e+03, 0.000000e+00
4.231989e+03, 0.000000e+00
4.237989e+03, 0.000000e+00
4.243989e+03, 0.000000e+00
4.249989e+03, 0.000000e+00
4.255989e+03, 0.000000e+00
4.261989e+03, 0.000000e+00
4.267989e+03, 0.000000e+00
4.273989e+03, 0.000000e+00
4.279989e+03, 0.000000e+00
4.285989e+03, 0.000000e+00
4.291989e+03, 0.000000e+00
4.297989e+03, 0.000000e+00
4.303989e+03, 0.000000e+00
4.309989e+03, 0.000000e+00
4.315989e+03, 0.000000e+00
4.321989e+03, 0.000000e+00
4.327989e+03, 0.000000e+00
4.333989e+03, 0.000000e+00
4.339989e+03, 0.000000e+00
4.345989e+03, 0.000000e+00
4.351989e+03, 0.000000e+00
4.357989e+03, 0.000000e+00
4.363989e+03, 0.000000e+00
4.369989e+03, 0.000000e+00
4.375989e+03, 0.000000e+00
4.381989e+03, 0.000000e+00
4.387989e+03, 0.000000e+00
4.393989e+03, 0.000000e+00
4.399989e+03, 0.000000e+00
4.405989e+03, 0.000000e+00
4.411989e+03, 0.000000e+00
4.417989e+03, 0.000000e+00
4.423989e+03, 0.000000e+00
4.429989e+03, 0.000000e+00
4.435989e+03, 0.000000e+00
4.441989e+03, 0.000000e+00
4.447989e+03, 0.000000e+00
4.453989e+03, 0.000000e+00
4.459989e+03, 0.000000e+00
4.465989e+03, 0.000000e+00
4.471989e+03, 0.000000e+00
4.477989e+03, 0.000000e+00
4.483989e+03, 0.000000e+00
4.489989e+03, 0.000000e+00
4.495989e+03, 0.000000e+00
4.501989e+03, 0.000000e+00
4.507989e+03, 0.000000e+00
4.513989e+03, 0.000000e+00
4.519989e+03, 0.000000e+00
4.525989e+03, 0.000000e+00
4.531989e+03, 0.000000e+00
4.537989e+03, 0.000000e+00
4.543989e+03, 0.000000e+00
4.549989e+03, 0.000000e+00
4.555989e+03, 0.000000e+00
4.561989e+03, 0.000000e+00
4.567989e+03, 0.000000e+00
4.573989e+03, 0.000000e+00
4.579989e+03, 0.000000e+00
4.585989e+03, 0.000000e+00
4.591989e+03, 0.000000e+00
4.597989e+03, 0.000000e+00
4.603989e+03, 0.000000e+00
4.609989e+03, 0.000000e+00
4.615989e+03, 0.000000e+00
4.621989e+03, 0.000000e+00
4.627989e+03, 0.000000e+00
4.633989e+03, 0.000000e+00
4.639989e+03, 0.000000e+00
4.645989e+03, 0.000000e+00
4.651989e+03, 0.000000e+00
4.657989e+03, 0.000000e+00
4.663989e+03, 0.000000e+00
4.669989e+03, 0.000000e+00
4.675989e+03, 0.000000e+00
4.681989e+03, 0.000000e+00
4.687989e+03, 0.000000e+00
4.693989e+03, 0.000000e+00
4.699989e+03, 0.000000e+00
4.705989e+03, 0.000000e+00
4.711989e+03, 0.000000e+00
4.717989e+03, 0.000000e+00
4.723989e+03, 0.000000e+00
4.729989e+03, 0.000000e+00
4.735989e+03, 0.000000e+00
4.741989e+03, 0.000000e+00
4.747989e+03, 0.000000e+00
4.753989e+03, 0.000000e+00
4.759989e+03, 0.000000e+00
4.765989e+03, 0.000000e+00
4.771989e+03, 0.000000e+00
4.777989e+03, 0.000000e+00
4.783989e+03, 0.000000e+00
4.789989e+03, 0.000000e+00
4.795989e+03, 0.000000e+00
4.801989e+03, 0.000000e+00
4.807989e+03, 0.000000e+00
4.813989e+03, 0.000000e+00
4.819989e+03, 0.000000e+00
4.825989e+03, 0.000000e+00
4.831989e+03, 0.000000e+00
4.837989e+03, 0.000000e+00
4.843989e+03, 0.000000e+00
4.849989e+03, 0.000000e+00
4.855989e+03, 0.000000e+00
4.861989e+03, 0.000000e+00
4.867989e+03, 0.000000e+00
4.873989e+03, 0.000000e+00
4.879989e+03, 0.000000e+00
4.885989e+03, 0.000000e+00
4.891989e+03, 0.000000e+00
4.897989e+03, 0.000000e+00
4.903989e+03, 0.000000e+00
4.909989e+03, 0.000000e+00
4.915989e+03, 0.000000e+00
4.921989e+03, 0.000000e+00
4.927989e+03, 0.000000e+00
4.933989e+03, 0.000000e+00
4.939989e+03, 0.000000e+00
4.945989e+03, 0.000000e+00
4.951989e+03, 0.000000e+00
4.957989e+03, 0.000000e+00
4.963989e+03, 0.000000e+00
4.969989e+03, 0.000000e+00
4.975989e+03, 0.000000e+00
4.981989e+03, 0.000000e+00
4.987989e+03, 0.000000e+00
4.993989e+03, 0.000000e+00
4.999989e+03, 0.000000e+00
5.005989e+03, 0.000000e+00
5.011989e+03, 0.000000e+00
5.017989e+03, 0.000000e+00
5.023989e+03, 0.000000e+00
5.029989e+03, 0.000000e+00
5.035989e+03, 0.000000e+00
5.041989e+03, 0.000000e+00
5.047989e+03, 0.000000e+00
5.053989e+03, 0.000000e+00
5.059989e+03, 0.000000e+00
5.065989e+03, 0.000000e+00
5.071989e+03, 0.000000e+00
5.077989e+03, 0.000000e+00
5.083989e+03, 0.000000e+00
5.089989e+03, 0.000000e+00
5.095989e+03, 0.000000e+00
5.101989e+03, 0.000000e+00
5.107989e+03, 0.000000e+00
5.113989e+03, 0.000000e+00
5.119989e+03, 0.000000e+00
5.125989e+03, 0.000000e+00
5.131989e+03, 0.000000e+00
5.137989e+03, 0.000000e+00
5.143989e+03, 0.000000e+00
5.149989e+03, 0.000000e+00
5.155989e+03, 0.000000e+00
5.161989e+03, 0.000000e+00
5.167989e+03, 0.000000e+00
5.173989e+03, 0.000000e+00
5.179989e+03, 0.000000e+00
5.185989e+03, 0.000000e+00
5.191989e+03, 0.000000e+00
5.197989e+03, 0.000000e+00
5.203989e+03, 0.000000e+00
5.209989e+03, 0.000000e+00
5.215989e+03, 0.000000e+00
5.221989e+03, 0.000000e+00
5.227989e+03, 0.000000e+00
5.233989e+03, 0.000000e+00
5.239989e+03, 0.000000e+00
5.245989e+03, 0.000000e+00
5.251989e+03, 0.000000e+00
5.257989e+03, 0.000000e+00
5.263989e+03, 0.000000e+00
5.269989e+03, 0.000000e+00
5.275989e+03, 0.000000e+00
5.281989e+03, 0.000000e+00
5.287989e+03, 0.000000e+00
5.293989e+03, 0.000000e+00
5.299989e+03, 0.000000e+00
5.305989e+03, 0.000000e+00
5.311989e+03, 0.000000e+00
5.317989e+03, 0.000000e+00
5.323989e+03, 0.000000e+00
5.329989e+03, 0.000000e+00
5.335989e+03, 0.000000e+00
5.341989e+03, -1.000000e+01
5.347989e+03, -1.000000e+01
5.353989e+03, -1.000000e+01
5.359989e+03, -1.000000e+01
5.365989e+03, -1.000000e+01
5.371989e+03, -1.000000e+01
5.377989e+03, -1.000000e+01
5.383989e+03, -1.000000e+01
5.389989e+03, -1.000000e+01
5.395989e+03, -1.000000e+01
5.401989e+03, -1.000000e+01
5.407989e+03, -1.000000e+01
5.413989e+03, -1.000000e+01
5.419989e+03, -1.000000e+01
5.425989e+03, -1.000000e+01
5.431989e+03, -1.000000e+01
5.437989e+03, -1.000000e+01
5.443989e+03, -1.000000e+01
5.449989e+03, -1.000000e+01
5.455989e+03, -1.000000e+01
5.461989e+03, -1.000000e+01
5.467989e+03, -1.000000e+01
5.473989e+03, -1.000000e+01
5.479989e+03, -1.000000e+01
5.485989e+03, -1.000000e+01
5.491989e+03, -1.000000e+01
5.497989e+03, -1.000000e+01
5.503989e+03, -1.000000e+01
5.509989e+03, -1.000000e+01
5.515989e+03, -1.000000e+01
5.521989e+03, -1.000000e+01
5.527989e+03, -1.000000e+01
5.533989e+03, -1.000000e+01
5.539989e+03, -1.000000e+01
5.545989e+03, -1.000000e+01
5.551989e+03, -1.000000e+01
5.557989e+03, -1.000000e+01
5.563989e+03, -1.000000e+01
5.569989e+03, -1.000000e+01
5.575989e+03, -1.000000e+01
5.581989e+03, -1.000000e+01
5.587989e+03, -1.000000e+01
5.593989e+03, -1.000000e+01
5.599989e+03, -1.000000e+01
5.605989e+03, -1.000000e+01
5.611989e+03, -1.000000e+01
5.617989e+03, -1.000000e+01
5.623989e+03, -1.000000e+01
5.629989e+03, -1.000000e+01
5.635989e+03, -1.000000e+01
5.641989e+03, -1.000000e+01
5.647989e+03, -1.000000e+01
5.653989e+03, -1.000000e+01
5.659989e+03, -1.000000e+01
5.665989e+03, -1.000000e+01
5.671989e+03, -1.000000e+01
5.677989e+03, -1.000000e+01
5.683989e+03, -1.000000e+01
5.689989e+03, -1.000000e+01
5.695989e+03, -1.000000e+01
5.701989e+03, -1.000000e+01
5.707989e+03, -1.000000e+01
5.713989e+03, -1.000000e+01
5.719989e+03, -1.000000e+01
5.725989e+03, -1.000000e+01
5.731989e+03, -1.000000e+01
5.737989e+03, -1.000000e+01
5.743989e+03, -1.000000e+01
5.749989e+03, -1.000000e+01
5.755989e+03, -1.000000e+01
5.761989e+03, -1.000000e+01
5.767989e+03, -1.000000e+01
5.773989e+03, -1.000000e+01
5.779989e+03, -1.000000e+01
5.785989e+03, -1.000000e+01
5.791989e+03, -1.000000e+01
5.797989e+03, -1.000000e+01
5.803989e+03, -1.000000e+01
5.809989e+03, -1.000000e+01
5.815989e+03, -1.000000e+01
5.821989e+03, -1.000000e+01
5.827989e+03, -1.000000e+01
5.833989e+03, -1.000000e+01
5.839989e+03, -1.000000e+01
5.845989e+03, -1.000000e+01
5.851989e+03, -1.000000e+01
5.857989e+03, -1.000000e+01
5.863989e+03, -1.000000e+01
5.869989e+03, -1.000000e+01
5.875989e+03, -1.000000e+01
5.881989e+03, -1.000000e+01
5.887989e+03, -1.000000e+01
5.893989e+03, -1.000000e+01
5.899989e+03, -1.000000e+01
5.905989e+03, -1.000000e+01
5.911989e+03, -1.000000e+01
5.917989e+03, -1.000000e+01
5.923989e+03, -1.000000e+01
5.929989e+03, -1.000000e+01
5.935989e+03, -1.000000e+01
5.941989e+03, -1.000000e+01
5.947989e+03, -1.000000e+01
5.953989e+03, -1.000000e+01
5.959989e+03, -1.000000e+01
5.965989e+03, -1.000000e+01
5.971989e+03, -1.000000e+01
5.977989e+03, -1.000000e+01
5.983989e+03, -1.000000e+01
5.989989e+03, -1.000000e+01
5.995989e+03, -1.000000e+01
6.001989e+03, -1.000000e+01
6.007989e+03, -1.000000e+01
6.013989e+03, -1.000000e+01
6.019989e+03, -1.000000e+01
6.025989e+03, -1.000000e+01
6.031989e+03, -1.000000e+01
6.037989e+03, -1.000000e+01
6.043989e+03, -1.000000e+01
6.049989e+03, -1.000000e+01
6.055989e+03, -1.000000e+01
6.061989e+03, -1.000000e+01
6.067989e+03, -1.000000e+01
6.073989e+03, -1.000000e+01
6.079989e+03, -1.000000e+01
6.085989e+03, -1.000000e+01
6.091989e+03, -1.000000e+01
6.097989e+03, -1.000000e+01
6.103989e+03, -1.000000e+01
6.109989e+03, -1.000000e+01
6.115989e+03, -1.000000e+01
6.121989e+03, -1.000000e+01
6.127989e+03, -1.000000e+01
6.133989e+03, -1.000000e+01
6.139989e+03, -1.000000e+01
6.145989e+03, -1.000000e+01
6.151989e+03, -1.000000e+01
6.157989e+03, -1.000000e+01
6.163989e+03, -1.000000e+01
6.169989e+03, -1.000000e+01
6.175989e+03, -1.000000e+01
6.181989e+03, -1.000000e+01
6.187989e+03, -1.000000e+01
6.193989e+03, -1.000000e+01
6.199989e+03, -1.000000e+01
6.205989e+03, -1.000000e+01
6.211989e+03, -1.000000e+01
6.217989e+03, -1.000000e+01
6.223989e+03, -1.000000e+01
6.229989e+03, -1.000000e+01
6.235989e+03, -1.000000e+01
6.241989e+03, -1.000000e+01
6.247989e+03, -1.000000e+01
6.253989e+03, -1.000000e+01
6.259989e+03, -1.000000e+01
6.265989e+03, -1.000000e+01
6.271989e+03, -1.000000e+01
6.277989e+03, -1.000000e+01
6.283989e+03, -1.000000e+01
6.289989e+03, -1.000000e+01
6.295989e+03, -1.000000e+01
6.301989e+03, -1.000000e+01
6.307989e+03, -1.000000e+01
6.313989e+03, -1.000000e+01
6.319989e+03, -1.000000e+01
6.325989e+03, -1.000000e+01
6.331989e+03, -1.000000e+01
6.337989e+03, -1.000000e+01
6.343989e+03, -1.000000e+01
6.349989e+03, -1.000000e+01
6.355989e+03, -1.000000e+01
6.361989e+03, -1.000000e+01
6.367989e+03, -1.000000e+01
6.373989e+03, -1.000000e+01
6.379989e+03, -1.000000e+01
6.382752e+03, -1.000000e+01
6.388752e+03, 0.000000e+00
6.394752e+03, 0.000000e+00
6.400752e+03, 0.000000e+00
6.406752e+03, 0.000000e+00
6.412752e+03, 0.000000e+00
6.418752e+03, 0.000000e+00
6.424752e+03, 0.000000e+00
6.430752e+03, 0.000000e+00
6.436752e+03, 0.000000e+00
6.442752e+03, 0.000000e+00
6.448752e+03, 0.000000e+00
6.454752e+03, 0.000000e+00
6.460752e+03, 0.000000e+00
6.466752e+03, 0.000000e+00
6.472752e+03, 0.000000e+00
6.478752e+03, 0.000000e+00
6.484752e+03, 0.000000e+00
6.490752e+03, 0.000000e+00
6.496752e+03, 0.000000e+00
6.502752e+03, 0.000000e+00
6.508752e+03, 0.000000e+00
6.514752e+03, 0.000000e+00
6.520752e+03, 0.000000e+00
6.526752e+03, 0.000000e+00
6.532752e+03, 0.000000e+00
6.538752e+03, 0.000000e+00
6.544752e+03, 0.000000e+00
6.550752e+03, 0.000000e+00
6.556752e+03, 0.000000e+00
6.562752e+03, 0.000000e+00
6.568752e+03, 0.000000e+00
6.574752e+03, 0.000000e+00
6.580752e+03, 0.000000e+00
6.586752e+03, 0.000000e+00
6.592752e+03, 0.000000e+00
6.598752e+03, 0.000000e+00
6.604752e+03, 0.000000e+00
6.610752e+03, 0.000000e+00
6.616752e+03, 0.000000e+00
6.622752e+03, 0.000000e+00
6.628752e+03, 0.000000e+00
6.634752e+03, 0.000000e+00
6.640752e+03, 0.000000e+00
6.646752e+03, 0.000000e+00
6.652752e+03, 0.000000e+00
6.658752e+03, 0.000000e+00
6.664752e+03, 0.000000e+00
6.670752e+03, 0.000000e+00
6.676752e+03, 0.000000e+00
6.682752e+03, 0.000000e+00
6.688752e+03, 0.000000e+00
6.694752e+03, 0.000000e+00
6.700752e+03, 0.000000e+00
6.706752e+03, 0.000000e+00
6.712752e+03, 0.000000e+00
6.718752e+03, 0.000000e+00
6.724752e+03, 0.000000e+00
6.730752e+03, 0.000000e+00
6.736752e+03, 0.000000e+00
6.742752e+03, 0.000000e+00
6.748752e+03, 0.000000e+00
6.754752e+03, 0.000000e+00
6.760752e+03, 0.000000e+00
6.766752e+03, 0.000000e+00
6.772752e+03, 0.000000e+00
6.778752e+03, 0.000000e+00
6.784752e+03, 0.000000e+00
6.790752e+03, 0.000000e+00
6.796752e+03, 0.000000e+00
6.802752e+03, 0.000000e+00
6.808752e+03, 0.000000e+00
6.814752e+03, 0.000000e+00
6.820752e+03, 0.000000e+00
6.826752e+03, 0.000000e+00
6.832752e+03, 0.000000e+00
6.838752e+03, 0.000000e+00
6.844752e+03, 0.000000e+00
6.850752e+03, 0.000000e+00
6.856752e+03, 0.000000e+00
6.862752e+03, 0.000000e+00
6.868752e+03, 0.000000e+00
6.874752e+03, 0.000000e+00
6.880752e+03, 0.000000e+00
6.886752e+03, 0.000000e+00
6.892752e+03, 0.000000e+00
6.898752e+03, 0.000000e+00
6.904752e+03, 0.000000e+00
6.910752e+03, 0.000000e+00
6.916752e+03, 0.000000e+00
6.922752e+03, 0.000000e+00
6.928752e+03, 0.000000e+00
6.934752e+03, 0.000000e+00
6.940752e+03, 0.000000e+00
6.946752e+03, 0.000000e+00
6.952752e+03, 0.000000e+00
6.958752e+03, 0.000000e+00
6.964752e+03, 0.000000e+00
6.970752e+03, 0.000000e+00
6.976752e+03, 0.000000e+00
6.982752e+03, 0.000000e+00
6.988752e+03, 0.000000e+00
6.994752e+03, 0.000000e+00
7.000752e+03, 0.000000e+00
7.006752e+03, 0.000000e+00
7.012752e+03, 0.000000e+00
7.018752e+03, 0.000000e+00
7.024752e+03, 0.000000e+00
7.030752e+03, 0.000000e+00
7.036752e+03, 0.000000e+00
7.042752e+03, 0.000000e+00
7.048752e+03, 0.000000e+00
7.054752e+03, 0.000000e+00
7.060752e+03, 0.000000e+00
7.066752e+03, 0.000000e+00
7.072752e+03, 0.000000e+00
7.078752e+03, 0.000000e+00
7.084752e+03, 0.000000e+00
7.090752e+03, 0.000000e+00
7.096752e+03, 0.000000e+00
7.102752e+03, 0.000000e+00
7.108752e+03, 0.000000e+00
7.114752e+03, 0.000000e+00
7.120752e+03, 0.000000e+00
7.126752e+03, 0.000000e+00
7.132752e+03, 0.000000e+00
7.138752e+03, 0.000000e+00
7.144752e+03, 0.000000e+00
7.150752e+03, 0.000000e+00
7.156752e+03, 0.000000e+00
7.162752e+03, 0.000000e+00
7.168752e+03, 0.000000e+00
7.174752e+03, 0.000000e+00
7.180752e+03, 0.000000e+00
7.186752e+03, 0.000000e+00
7.192752e+03, 0.000000e+00
7.198752e+03, 0.000000e+00
7.204752e+03, 0.000000e+00
7.210752e+03, 0.000000e+00
7.216752e+03, 0.000000e+00
7.222752e+03, 0.000000e+00
7.228752e+03, 0.000000e+00
7.234752e+03, 0.000000e+00
7.240752e+03, 0.000000e+00
7.246752e+03, 0.000000e+00
7.252752e+03, 0.000000e+00
7.258752e+03, 0.000000e+00
7.264752e+03, 0.000000e+00
7.270752e+03, 0.000000e+00
7.276752e+03, 0.000000e+00
7.282752e+03, 0.000000e+00
7.288752e+03, 0.000000e+00
7.294752e+03, 0.000000e+00
7.300752e+03, 0.000000e+00
7.306752e+03, 0.000000e+00
7.312752e+03, 0.000000e+00
7.318752e+03, 0.000000e+00
7.324752e+03, 0.000000e+00
7.330752e+03, 0.000000e+00
7.336752e+03, 0.000000e+00
7.342752e+03, 0.000000e+00
7.348752e+03, 0.000000e+00
7.354752e+03, 0.000000e+00
7.360752e+03, 0.000000e+00
7.366752e+03, 0.000000e+00
7.372752e+03, 0.000000e+00
7.378752e+03, 0.000000e+00
7.384752e+03, 0.000000e+00
7.390752e+03, 0.000000e+00
7.396752e+03, 0.000000e+00
7.402752e+03, 0.000000e+00
7.408752e+03, 0.000000e+00
7.414752e+03, 0.000000e+00
7.420752e+03, 0.000000e+00
7.426752e+03, 0.000000e+00
7.432752e+03, 0.000000e+00
7.438752e+03, 0.000000e+00
7.444752e+03, 0.000000e+00
7.450752e+03, 0.000000e+00
7.456752e+03, 0.000000e+00
7.462752e+03, 0.000000e+00
7.468752e+03, 0.000000e+00
7.474752e+03, 0.000000e+00
7.480752e+03, 0.000000e+00
7.486752e+03, 0.000000e+00
7.492752e+03, 0.000000e+00
7.498752e+03, 0.000000e+00
7.504752e+03, 0.000000e+00
7.510752e+03, 0.000000e+00
7.516752e+03, 0.000000e+00
7.522752e+03, 0.000000e+00
7.528752e+03, 0.000000e+00
7.534752e+03, 0.000000e+00
7.540752e+03, 0.000000e+00
7.546752e+03, 0.000000e+00
7.552752e+03, 0.000000e+00
7.558752e+03, 0.000000e+00
7.564752e+03, 0.000000e+00
7.570752e+03, 0.000000e+00
7.576752e+03, 0.000000e+00
7.582752e+03, 0.000000e+00
7.588752e+03, 0.000000e+00
7.594752e+03, 0.000000e+00
7.600752e+03, 0.000000e+00
7.606752e+03, 0.000000e+00
7.612752e+03, 0.000000e+00
7.618752e+03, 0.000000e+00
7.624752e+03, 0.000000e+00
7.630752e+03, 0.000000e+00
7.636752e+03, 0.000000e+00
7.642752e+03, 0.000000e+00
7.648752e+03, 0.000000e+00
7.654752e+03, 0.000000e+00
7.660752e+03, 0.000000e+00
7.666752e+03, 0.000000e+00
7.672752e+03, 0.000000e+00
7.678752e+03, 0.000000e+00
7.684752e+03, 0.000000e+00
7.690752e+03, 0.000000e+00
7.696752e+03, 0.000000e+00
7.702752e+03, 0.000000e+00
7.708752e+03, 0.000000e+00
7.714752e+03, 0.000000e+00
7.720752e+03, 0.000000e+00
7.726752e+03, 0.000000e+00
7.732752e+03, 0.000000e+00
7.738752e+03, 0.000000e+00
7.744752e+03, 0.000000e+00
7.750752e+03, 0.000000e+00
7.756752e+03, 0.000000e+00
7.762752e+03, 0.000000e+00
7.768752e+03, 0.000000e+00
7.774752e+03, 0.000000e+00
7.780752e+03, 0.000000e+00
7.786752e+03, 0.000000e+00
7.792752e+03, 0.000000e+00
7.798752e+03, 0.000000e+00
7.804752e+03, 0.000000e+00
7.810752e+03, 0.000000e+00
7.816752e+03, 0.000000e+00
7.822752e+03, 0.000000e+00
7.828752e+03, 0.000000e+00
7.834752e+03, 0.000000e+00
7.840752e+03, 0.000000e+00
7.846752e+03, 0.000000e+00
7.852752e+03, 0.000000e+00
7.858752e+03, 0.000000e+00
7.864752e+03, 0.000000e+00
7.870752e+03, 0.000000e+00
7.876752e+03, 0.000000e+00
7.882752e+03, 0.000000e+00
7.888752e+03, 0.000000e+00
7.894752e+03, 0.000000e+00
7.900752e+03, 0.000000e+00
7.906752e+03, 0.000000e+00
7.912752e+03, 0.000000e+00
7.918752e+03, 0.000000e+00
7.924752e+03, 0.000000e+00
7.930752e+03, 0.000000e+00
7.936752e+03, 0.000000e+00
7.942752e+03, 0.000000e+00
7.948752e+03, 0.000000e+00
7.954752e+03, 0.000000e+00
7.960752e+03, 0.000000e+00
7.966752e+03, 0.000000e+00
7.972752e+03, 0.000000e+00
7.978752e+03, 0.000000e+00
7.984752e+03, 0.000000e+00
7.990752e+03, 0.000000e+00
7.996752e+03, 0.000000e+00
8.002752e+03, 0.000000e+00
8.008752e+03, 0.000000e+00
8.014752e+03, 0.000000e+00
8.020752e+03, 0.000000e+00
8.026752e+03, 0.000000e+00
8.032752e+03, 0.000000e+00
8.038752e+03, 0.000000e+00
8.044752e+03, 0.000000e+00
8.050752e+03, 0.000000e+00
8.056752e+03, 0.000000e+00
8.062752e+03, 0.000000e+00
8.068752e+03, 0.000000e+00
8.074752e+03, 0.000000e+00
8.080752e+03, 0.000000e+00
8.086752e+03, 0.000000e+00
8.092752e+03, 0.000000e+00
8.098752e+03, 0.000000e+00
8.104752e+03, 0.000000e+00
8.110752e+03, 0.000000e+00
8.116752e+03, 0.000000e+00
8.122752e+03, 0.000000e+00
8.128752e+03, 0.000000e+00
8.134752e+03, 0.000000e+00
8.140752e+03, 0.000000e+00
8.146752e+03, 0.000000e+00
8.152752e+03, 0.000000e+00
8.158752e+03, 0.000000e+00
8.164752e+03, 0.000000e+00
8.170752e+03, 0.000000e+00
8.176752e+03, 0.000000e+00
8.182752e+03, 0.000000e+00
8.188752e+03, 0.000000e+00
8.194752e+03, 0.000000e+00
8.200752e+03, 0.000000e+00
8.206752e+03, 0.000000e+00
8.212752e+03, 0.000000e+00
8.218752e+03, 0.000000e+00
8.224752e+03, 0.000000e+00
8.230752e+03, 0.000000e+00
8.236752e+03, 0.000000e+00
8.242752e+03, 0.000000e+00
8.248752e+03, 0.000000e+00
8.254752e+03, 0.000000e+00
8.260752e+03, 0.000000e+00
8.266752e+03, 0.000000e+00
8.272752e+03, 0.000000e+00
8.278752e+03, 0.000000e+00
8.284752e+03, 0.000000e+00
8.290752e+03, 0.000000e+00
8.296752e+03, 0.000000e+00
8.302752e+03, 0.000000e+00
8.308752e+03, 0.000000e+00
8.314752e+03, 0.000000e+00
8.320752e+03, 0.000000e+00
8.326752e+03, 0.000000e+00
8.332752e+03, 0.000000e+00
8.338752e+03, 0.000000e+00
8.344752e+03, 0.000000e+00
8.350752e+03, 0.000000e+00
8.356752e+03, 0.000000e+00
8.362752e+03, 0.000000e+00
8.368752e+03, 0.000000e+00
8.374752e+03, 0.000000e+00
8.380752e+03, 0.000000e+00
8.386752e+03, 0.000000e+00
8.392752e+03, 0.000000e+00
8.398752e+03, 0.000000e+00
8.404752e+03, 0.000000e+00
8.410752e+03, 0.000000e+00
8.416752e+03, 0.000000e+00
8.422752e+03, 0.000000e+00
8.428752e+03, 0.000000e+00
8.434752e+03, 0.000000e+00
8.440752e+03, 0.000000e+00
8.446752e+03, 0.000000e+00
8.452752e+03, 0.000000e+00
8.458752e+03, 0.000000e+00
8.464752e+03, 0.000000e+00
8.470752e+03, 0.000000e+00
8.476752e+03, 0.000000e+00
8.482752e+03, 0.000000e+00
8.488752e+03, 0.000000e+00
8.494752e+03, 0.000000e+00
8.500752e+03, 0.000000e+00
8.506752e+03, 0.000000e+00
8.512752e+03, 0.000000e+00
8.518752e+03, 0.000000e+00
8.524752e+03, 0.000000e+00
8.530752e+03, 0.000000e+00
8.536752e+03, 0.000000e+00
8.542752e+03, 0.000000e+00
8.548752e+03, 0.000000e+00
8.554752e+03, 0.000000e+00
8.560752e+03, 0.000000e+00
8.566752e+03, 0.000000e+00
8.572752e+03, 0.000000e+00
8.578752e+03, 0.000000e+00
8.584752e+03, 0.000000e+00
8.590752e+03, 0.000000e+00
8.596752e+03, 0.000000e+00
8.602752e+03, 0.000000e+00
8.608752e+03, 0.000000e+00
8.614752e+03, 0.000000e+00
8.620752e+03, 0.000000e+00
8.626752e+03, 0.000000e+00
8.632752e+03, 0.000000e+00
8.638752e+03, 0.000000e+00
8.644752e+03, 0.000000e+00
8.650752e+03, 0.000000e+00
8.656752e+03, 0.000000e+00
8.662752e+03, 0.000000e+00
8.668752e+03, 0.000000e+00
8.674752e+03, 0.000000e+00
8.680752e+03, 0.000000e+00
8.686752e+03, 0.000000e+00
8.692752e+03, 0.000000e+00
8.698752e+03, 0.000000e+00
8.704752e+03, 0.000000e+00
8.710752e+03, 0.000000e+00
8.716752e+03, 0.000000e+00
8.722752e+03, 0.000000e+00
8.728752e+03, 0.000000e+00
8.734752e+03, 0.000000e+00
8.740752e+03, 0.000000e+00
8.746752e+03, 0.000000e+00
8.752752e+03, 0.000000e+00
8.758752e+03, 0.000000e+00
8.764752e+03, 0.000000e+00
8.770752e+03, 0.000000e+00
8.776752e+03, 0.000000e+00
8.782752e+03, 0.000000e+00
8.788752e+03, 0.000000e+00
8.794752e+03, 0.000000e+00
8.800752e+03, 0.000000e+00
8.806752e+03, 0.000000e+00
8.812752e+03, 0.000000e+00
8.818752e+03, 0.000000e+00
8.824752e+03, 0.000000e+00
8.830752e+03, 0.000000e+00
8.836752e+03, 0.000000e+00
8.842752e+03, 0.000000e+00
8.848752e+03, 0.000000e+00
8.854752e+03, 0.000000e+00
8.860752e+03, 0.000000e+00
8.866752e+03, 0.000000e+00
8.872752e+03, 0.000000e+00
8.878752e+03, 0.000000e+00
8.884752e+03, 0.000000e+00
8.890752e+03, 0.000000e+00
8.896752e+03, 0.000000e+00
8.902752e+03, 0.000000e+00
8.908752e+03, 0.000000e+00
8.914752e+03, 0.000000e+00
8.920752e+03, 0.000000e+00
8.926752e+03, 0.000000e+00
8.932752e+03, 0.000000e+00
8.938752e+03, 0.000000e+00
8.944752e+03, 0.000000e+00
8.950752e+03, 0.000000e+00
8.956752e+03, 0.000000e+00
8.962752e+03, 0.000000e+00
8.968752e+03, 0.000000e+00
8.974752e+03, 0.000000e+00
8.980752e+03, 0.000000e+00
8.986752e+03, 0.000000e+00
8.992752e+03, 0.000000e+00
8.998752e+03, 0.000000e+00
9.004752e+03, 0.000000e+00
9.010752e+03, 0.000000e+00
9.016752e+03, 0.000000e+00
9.022752e+03, 0.000000e+00
9.028752e+03, 0.000000e+00
9.034752e+03, 0.000000e+00
9.040752e+03, 0.000000e+00
9.046752e+03, 0.000000e+00
9.052752e+03, 0.000000e+00
9.058752e+03, 0.000000e+00
9.064752e+03, 0.000000e+00
9.070752e+03, 0.000000e+00
9.076752e+03, 0.000000e+00
9.082752e+03, 0.000000e+00
9.088752e+03, 0.000000e+00
9.094752e+03, 0.000000e+00
9.100752e+03, 0.000000e+00
9.106752e+03, 0.000000e+00
9.112752e+03, 0.000000e+00
9.118752e+03, 0.000000e+00
9.124752e+03, 0.000000e+00
9.130752e+03, 0.000000e+00
9.136752e+03, 0.000000e+00
9.142752e+03, 0.000000e+00
9.148752e+03, 0.000000e+00
9.154752e+03, 0.000000e+00
9.160752e+03, 0.000000e+00
9.166752e+03, 0.000000e+00
9.172752e+03, 0.000000e+00
9.178752e+03, 0.000000e+00
9.184752e+03, 0.000000e+00
9.190752e+03, 0.000000e+00
9.196752e+03, 0.000000e+00
9.202752e+03, 0.000000e+00
9.208752e+03, 0.000000e+00
9.214752e+03, 0.000000e+00
9.220752e+03, 0.000000e+00
9.226752e+03, 0.000000e+00
9.232752e+03, 0.000000e+00
9.238752e+03, 0.000000e+00
9.244752e+03, 0.000000e+00
9.250752e+03, 0.000000e+00
9.256752e+03, 0.000000e+00
9.262752e+03, 0.000000e+00
9.268752e+03, 0.000000e+00
9.274752e+03, 0.000000e+00
9.280752e+03, 0.000000e+00
9.286752e+03, 0.000000e+00
9.292752e+03, 0.000000e+00
9.298752e+03, 0.000000e+00
9.304752e+03, 0.000000e+00
9.310752e+03, 0.000000e+00
9.316752e+03, 0.000000e+00
9.322752e+03, 0.000000e+00
9.328752e+03, 0.000000e+00
9.334752e+03, 0.000000e+00
9.340752e+03, 0.000000e+00
9.346752e+03, 0.000000e+00
9.352752e+03, 0.000000e+00
9.358752e+03, 0.000000e+00
9.364752e+03, 0.000000e+00
9.370752e+03, 0.000000e+00
9.376752e+03, 0.000000e+00
9.382752e+03, 0.000000e+00
9.388752e+03, 0.000000e+00
9.394752e+03, 0.000000e+00
9.400752e+03, 0.000000e+00
9.406752e+03, 0.000000e+00
9.412752e+03, 0.000000e+00
9.418752e+03, 0.000000e+00
9.424752e+03, 0.000000e+00
9.430752e+03, 0.000000e+00
9.436752e+03, 0.000000e+00
9.442752e+03, 0.000000e+00
9.448752e+03, 0.000000e+00
9.454752e+03, 0.000000e+00
9.460752e+03, 0.000000e+00
9.466752e+03, 0.000000e+00
9.472752e+03, 0.000000e+00
9.478752e+03, 0.000000e+00
9.484752e+03, 0.000000e+00
9.490752e+03, 0.000000e+00
9.496752e+03, 0.000000e+00
9.502752e+03, 0.000000e+00
9.508752e+03, 0.000000e+00
9.514752e+03, 0.000000e+00
9.520752e+03, 0.000000e+00
9.526752e+03, 0.000000e+00
9.532752e+03, 0.000000e+00
9.538752e+03, 0.000000e+00
9.544752e+03, 0.000000e+00
9.550752e+03, 0.000000e+00
9.556752e+03, 0.000000e+00
9.562752e+03, 0.000000e+00
9.568752e+03, 0.000000e+00
9.574752e+03, 0.000000e+00
9.580752e+03, 0.000000e+00
9.586752e+03, 0.000000e+00
9.592752e+03, 0.000000e+00
9.598752e+03, 0.000000e+00
9.604752e+03, 0.000000e+00
9.610752e+03, 0.000000e+00
9.616752e+03, 0.000000e+00
9.622752e+03, 0.000000e+00
9.628752e+03, 0.000000e+00
9.634752e+03, 0.000000e+00
9.640752e+03, 0.000000e+00
9.646752e+03, 0.000000e+00
9.652752e+03, 0.000000e+00
9.658752e+03, 0.000000e+00
9.664752e+03, 0.000000e+00
9.670752e+03, 0.000000e+00
9.676752e+03, 0.000000e+00
9.682752e+03, 0.000000e+00
9.688752e+03, 0.000000e+00
9.694752e+03, 0.000000e+00
9.700752e+03, 0.000000e+00
9.706752e+03, 0.000000e+00
9.712752e+03, 0.000000e+00
9.718752e+03, 0.000000e+00
9.724752e+03, 0.000000e+00
9.730752e+03, 0.000000e+00
9.736752e+03, 0.000000e+00
9.742752e+03, 0.000000e+00
9.748752e+03, 0.000000e+00
9.754752e+03, 0.000000e+00
9.760752e+03, 0.000000e+00
9.766752e+03, 0.000000e+00
9.772752e+03, 0.000000e+00
9.778752e+03, 0.000000e+00
9.784752e+03, 0.000000e+00
9.790752e+03, 0.000000e+00
9.796752e+03, 0.000000e+00
9.802752e+03, 0.000000e+00
9.808752e+03, 0.000000e+00
9.814752e+03, 0.000000e+00
9.820752e+03, 0.000000e+00
9.826752e+03, 0.000000e+00
9.832752e+03, 0.000000e+00
9.838752e+03, 0.000000e+00
9.844752e+03, 0.000000e+00
9.850752e+03, 0.000000e+00
9.856752e+03, 0.000000e+00
9.862752e+03, 0.000000e+00
9.868752e+03, 0.000000e+00
9.874752e+03, 0.000000e+00
9.880752e+03, 0.000000e+00
9.886752e+03, 0.000000e+00
9.892752e+03, 0.000000e+00
9.898752e+03, 0.000000e+00
9.904752e+03, 0.000000e+00
9.910752e+03, 0.000000e+00
9.916752e+03, 0.000000e+00
9.922752e+03, 0.000000e+00
9.928752e+03, 0.000000e+00
9.934752e+03, 0.000000e+00
9.940752e+03, 0.000000e+00
9.946752e+03, 0.000000e+00
9.952752e+03, 0.000000e+00
9.958752e+03, 0.000000e+00
9.964752e+03, 0.000000e+00
9.970752e+03, 0.000000e+00
9.976752e+03, 0.000000e+00
9.982752e+03, 0.000000e+00
